time,volume,open,high,low,close,bid_open,bid_high,bid_low,bid_close,ask_open,ask_high,ask_low,ask_close
2024-01-01T22:00:00.000000Z,80321,1.74585,1.75155,1.74362,1.74995,1.74585,1.75155,1.74362,1.74995,1.74696,1.75209,1.7441,1.75062
2024-01-02T22:00:00.000000Z,87170,1.74922,1.75491,1.74598,1.74845,1.74922,1.75491,1.74598,1.74845,1.75167,1.75538,1.7465,1.74896
2024-01-03T22:00:00.000000Z,79128,1.74621,1.75918,1.73965,1.75535,1.74621,1.75918,1.73965,1.75535,1.74837,1.75967,1.74011,1.75596
2024-01-04T22:00:00.000000Z,99526,1.75485,1.76025,1.75027,1.75195,1.75485,1.76025,1.75027,1.75195,1.75808,1.76077,1.75077,1.75272
2024-01-07T22:00:00.000000Z,63540,1.75185,1.76238,1.74892,1.75165,1.75185,1.76238,1.74892,1.75165,1.75288,1.76291,1.74936,1.75236
2024-01-08T22:00:00.000000Z,90491,1.75125,1.75587,1.74824,1.75165,1.75125,1.75587,1.74824,1.75165,1.75443,1.75635,1.74917,1.75225
2024-01-09T22:00:00.000000Z,70741,1.75105,1.76366,1.74956,1.76185,1.75105,1.76366,1.74956,1.76185,1.7543,1.76418,1.75015,1.76242
2024-01-10T22:00:00.000000Z,107977,1.76166,1.76448,1.75393,1.76014,1.76166,1.76448,1.75393,1.76014,1.76341,1.76496,1.75445,1.76071
2024-01-11T22:00:00.000000Z,79672,1.75925,1.76135,1.74921,1.75425,1.75925,1.76135,1.74921,1.75425,1.76261,1.76305,1.74965,1.75526
2024-01-14T22:00:00.000000Z,49008,1.75368,1.76976,1.75272,1.76565,1.75368,1.76976,1.75272,1.76565,1.75596,1.77025,1.75506,1.76636
2024-01-15T22:00:00.000000Z,103092,1.76488,1.77362,1.76215,1.77165,1.76488,1.77362,1.76215,1.77165,1.76666,1.77416,1.76547,1.77218
2024-01-16T22:00:00.000000Z,94912,1.77041,1.78195,1.7685,1.77925,1.77041,1.78195,1.7685,1.77925,1.77178,1.78247,1.76896,1.77986
2024-01-17T22:00:00.000000Z,99508,1.77835,1.78243,1.77633,1.77812,1.77835,1.78243,1.77633,1.77812,1.78136,1.78318,1.77678,1.77896
2024-01-18T22:00:00.000000Z,83956,1.77785,1.7863,1.77559,1.78121,1.77785,1.7863,1.77559,1.78121,1.78176,1.7869,1.77612,1.7826
2024-01-21T22:00:00.000000Z,68834,1.77945,1.79207,1.776,1.79075,1.77945,1.79207,1.776,1.79075,1.78231,1.79256,1.77648,1.79136
2024-01-22T22:00:00.000000Z,69622,1.78935,1.79342,1.77665,1.77835,1.78935,1.79342,1.77665,1.77835,1.79126,1.79399,1.77717,1.77886
2024-01-23T22:00:00.000000Z,80855,1.77585,1.78295,1.7736,1.78068,1.77585,1.78295,1.7736,1.78068,1.78026,1.78344,1.77405,1.78136
2024-01-24T22:00:00.000000Z,75967,1.78085,1.78235,1.76905,1.77495,1.78085,1.78235,1.76905,1.77495,1.78316,1.78399,1.76954,1.77556
2024-01-25T22:00:00.000000Z,60435,1.77395,1.78215,1.77255,1.78155,1.77395,1.78215,1.77255,1.78155,1.77566,1.78288,1.77381,1.78268
2024-01-28T22:00:00.000000Z,54396,1.77746,1.78135,1.76389,1.76645,1.77746,1.78135,1.76389,1.76645,1.7817,1.78301,1.76441,1.76706
2024-01-29T22:00:00.000000Z,61883,1.76465,1.77407,1.7597,1.76735,1.76465,1.77407,1.7597,1.76735,1.76856,1.77451,1.76015,1.76796
2024-01-30T22:00:00.000000Z,106115,1.76634,1.77145,1.76175,1.76815,1.76634,1.77145,1.76175,1.76815,1.76965,1.77198,1.76229,1.76886
2024-01-31T22:00:00.000000Z,84023,1.76765,1.77705,1.76187,1.76934,1.76765,1.77705,1.76187,1.76934,1.77036,1.77756,1.76244,1.77005
2024-02-01T22:00:00.000000Z,73932,1.76934,1.77953,1.76624,1.77834,1.76934,1.77953,1.76624,1.77834,1.77005,1.78005,1.7667,1.77935
2024-02-04T22:00:00.000000Z,68667,1.77522,1.78075,1.77155,1.77405,1.77522,1.78075,1.77155,1.77405,1.77896,1.78124,1.77201,1.77475
2024-02-05T22:00:00.000000Z,66404,1.77345,1.77526,1.76285,1.76355,1.77345,1.77526,1.76285,1.76355,1.77726,1.77751,1.76366,1.76406
2024-02-06T22:00:00.000000Z,59756,1.76325,1.76542,1.75882,1.76245,1.76325,1.76542,1.75882,1.76245,1.76546,1.76743,1.75928,1.76306
2024-02-07T22:00:00.000000Z,54251,1.76155,1.76925,1.75969,1.76765,1.76155,1.76925,1.75969,1.76765,1.76286,1.76978,1.76101,1.76826
2024-02-08T22:00:00.000000Z,54390,1.76475,1.76781,1.75099,1.75325,1.76475,1.76781,1.75099,1.75325,1.76876,1.77136,1.75148,1.75412
2024-02-11T22:00:00.000000Z,44945,1.75187,1.76195,1.75187,1.75705,1.75187,1.76195,1.75187,1.75705,1.75616,1.76246,1.75435,1.75796
2024-02-12T22:00:00.000000Z,67326,1.75655,1.76985,1.75545,1.76675,1.75655,1.76985,1.75545,1.76675,1.75926,1.77036,1.75735,1.76746
2024-02-13T22:00:00.000000Z,58230,1.76675,1.76977,1.75907,1.76264,1.76675,1.76977,1.75907,1.76264,1.76876,1.77023,1.75952,1.76335
2024-02-14T22:00:00.000000Z,61016,1.76225,1.76431,1.75713,1.76395,1.76225,1.76431,1.75713,1.76395,1.76496,1.76564,1.75892,1.76464
2024-02-15T22:00:00.000000Z,61738,1.76265,1.76722,1.75725,1.75919,1.76265,1.76722,1.75725,1.75919,1.76476,1.76769,1.75775,1.76026
2024-02-18T22:00:00.000000Z,38021,1.75898,1.75959,1.75132,1.75238,1.75898,1.75959,1.75132,1.75238,1.75986,1.76209,1.75179,1.75326
2024-02-19T22:00:00.000000Z,74489,1.75215,1.75561,1.74828,1.75295,1.75215,1.75561,1.74828,1.75295,1.75336,1.75608,1.74876,1.75356
2024-02-20T22:00:00.000000Z,62513,1.75275,1.75355,1.74395,1.75065,1.75275,1.75355,1.74395,1.75065,1.75496,1.75566,1.74444,1.75126
2024-02-21T22:00:00.000000Z,76061,1.75044,1.75156,1.74435,1.74695,1.75044,1.75156,1.74435,1.74695,1.75235,1.75339,1.74491,1.7475
2024-02-22T22:00:00.000000Z,57226,1.74685,1.75027,1.74405,1.74575,1.74685,1.75027,1.74405,1.74575,1.7478,1.75076,1.74451,1.74656
2024-02-25T22:00:00.000000Z,58864,1.74555,1.75892,1.74424,1.75775,1.74555,1.75892,1.74424,1.75775,1.74946,1.7594,1.74716,1.75826
2024-02-26T22:00:00.000000Z,66144,1.75675,1.76332,1.75646,1.75739,1.75675,1.76332,1.75646,1.75739,1.75816,1.76376,1.75731,1.75796
2024-02-27T22:00:00.000000Z,78896,1.75535,1.78112,1.75526,1.77725,1.75535,1.78112,1.75526,1.77725,1.75876,1.78156,1.75578,1.77776
2024-02-28T22:00:00.000000Z,89319,1.77655,1.78363,1.77349,1.77485,1.77655,1.78363,1.77349,1.77485,1.77802,1.78414,1.77396,1.77546
2024-02-29T22:00:00.000000Z,71813,1.77485,1.77735,1.77145,1.77451,1.77485,1.77735,1.77145,1.77451,1.77557,1.77935,1.77201,1.77535
2024-03-03T22:00:00.000000Z,59871,1.77231,1.7821,1.77231,1.78084,1.77231,1.7821,1.77231,1.78084,1.77566,1.78253,1.77494,1.78155
2024-03-04T22:00:00.000000Z,78688,1.77985,1.78669,1.77745,1.78335,1.77985,1.78669,1.77745,1.78335,1.78138,1.78716,1.7802,1.78397
2024-03-05T22:00:00.000000Z,84153,1.78149,1.78678,1.77622,1.77812,1.78149,1.78678,1.77622,1.77812,1.78456,1.78726,1.77667,1.77866
2024-03-06T22:00:00.000000Z,89015,1.77615,1.77888,1.76249,1.77311,1.77615,1.77888,1.76249,1.77311,1.78016,1.78016,1.76296,1.77368
2024-03-07T22:00:00.000000Z,89071,1.77165,1.77649,1.76493,1.77044,1.77165,1.77649,1.76493,1.77044,1.77346,1.77701,1.76553,1.77155
2024-03-10T21:00:00.000000Z,63959,1.7689,1.77435,1.76865,1.77045,1.7689,1.77435,1.76865,1.77045,1.7734,1.7748,1.7695,1.77108
2024-03-11T21:00:00.000000Z,76672,1.76995,1.77719,1.76693,1.77629,1.76995,1.77719,1.76693,1.77629,1.77113,1.77847,1.76948,1.77696
2024-03-12T21:00:00.000000Z,63121,1.77633,1.77884,1.77106,1.77795,1.77633,1.77884,1.77106,1.77795,1.77756,1.7793,1.77151,1.77866
2024-03-13T21:00:00.000000Z,68913,1.77635,1.77862,1.7719,1.77508,1.77635,1.77862,1.7719,1.77508,1.78026,1.78046,1.77276,1.77566
2024-03-14T21:00:00.000000Z,63707,1.77465,1.78972,1.77259,1.78935,1.77465,1.78972,1.77259,1.78935,1.77586,1.79018,1.775,1.78995
2024-03-17T21:00:00.000000Z,44690,1.78715,1.78979,1.78532,1.78638,1.78715,1.78979,1.78532,1.78638,1.79011,1.79161,1.78578,1.78706
2024-03-18T21:00:00.000000Z,63701,1.78454,1.79687,1.78454,1.79525,1.78454,1.79687,1.78454,1.79525,1.78735,1.7974,1.78672,1.79576
2024-03-19T21:00:00.000000Z,70626,1.79445,1.79948,1.79208,1.79595,1.79445,1.79948,1.79208,1.79595,1.79616,1.79996,1.79467,1.79661
2024-03-20T21:00:00.000000Z,71359,1.79545,1.80145,1.78892,1.79654,1.79545,1.80145,1.78892,1.79654,1.7963,1.805,1.78937,1.79717
2024-03-21T21:00:00.000000Z,64725,1.79585,1.80395,1.79514,1.80304,1.79585,1.80395,1.79514,1.80304,1.79736,1.80441,1.7956,1.80395
2024-03-24T21:00:00.000000Z,51465,1.79885,1.80616,1.79885,1.80495,1.79885,1.80616,1.79885,1.80495,1.80335,1.80671,1.79987,1.80563
2024-03-25T21:00:00.000000Z,57220,1.8048,1.80702,1.80014,1.80397,1.8048,1.80702,1.80014,1.80397,1.80584,1.80749,1.80063,1.80456
2024-03-26T21:00:00.000000Z,59504,1.80324,1.80761,1.80005,1.80315,1.80324,1.80761,1.80005,1.80315,1.80461,1.80811,1.80056,1.80372
2024-03-27T21:00:00.000000Z,61087,1.80165,1.80977,1.80096,1.80585,1.80165,1.80977,1.80096,1.80585,1.80336,1.8104,1.8031,1.80646
2024-03-28T21:00:00.000000Z,78067,1.805,1.80655,1.80163,1.80225,1.805,1.80655,1.80163,1.80225,1.80656,1.8085,1.80306,1.80636
2024-03-31T21:00:00.000000Z,42441,1.802,1.80708,1.80097,1.80427,1.802,1.80708,1.80097,1.80427,1.8065,1.80788,1.80146,1.80486
2024-04-01T21:00:00.000000Z,53396,1.80365,1.80642,1.80094,1.80325,1.80365,1.80642,1.80094,1.80325,1.80516,1.80689,1.80144,1.80386
2024-04-02T21:00:00.000000Z,55137,1.8033,1.8087,1.802,1.80322,1.8033,1.8087,1.802,1.80322,1.80406,1.80921,1.80246,1.80376
2024-04-03T21:00:00.000000Z,59390,1.80255,1.80325,1.79535,1.79833,1.80255,1.80325,1.79535,1.79833,1.80456,1.80571,1.79586,1.79886
2024-04-04T21:00:00.000000Z,95770,1.79805,1.80428,1.79694,1.80175,1.79805,1.80428,1.79694,1.80175,1.79996,1.80479,1.79772,1.8028
2024-04-07T21:00:00.000000Z,59448,1.8007,1.80435,1.79656,1.80008,1.8007,1.80435,1.79656,1.80008,1.80494,1.80679,1.79701,1.80066
2024-04-08T21:00:00.000000Z,59493,1.79885,1.80037,1.79019,1.79155,1.79885,1.80037,1.79019,1.79155,1.80146,1.80215,1.79068,1.79189
2024-04-09T21:00:00.000000Z,104559,1.79025,1.79877,1.78452,1.79795,1.79025,1.79877,1.78452,1.79795,1.79366,1.79923,1.78562,1.79849
2024-04-10T21:00:00.000000Z,106290,1.79545,1.79828,1.78633,1.78846,1.79545,1.79828,1.78633,1.78846,1.79926,1.79946,1.78689,1.78902
2024-04-11T21:00:00.000000Z,65142,1.78717,1.79315,1.78427,1.79205,1.78717,1.79315,1.78427,1.79205,1.78904,1.7937,1.78474,1.79296
2024-04-14T21:00:00.000000Z,84564,1.7888,1.80056,1.7884,1.79965,1.7888,1.80056,1.7884,1.79965,1.7933,1.80107,1.78956,1.80006
2024-04-15T21:00:00.000000Z,101333,1.79885,1.81005,1.79717,1.80561,1.79885,1.81005,1.79717,1.80561,1.80056,1.81058,1.7988,1.80596
2024-04-16T21:00:00.000000Z,88895,1.80335,1.81075,1.79596,1.80365,1.80335,1.81075,1.79596,1.80365,1.80736,1.81156,1.79643,1.80426
2024-04-17T21:00:00.000000Z,63524,1.80355,1.80544,1.79832,1.80315,1.80355,1.80544,1.79832,1.80315,1.80436,1.8062,1.79877,1.80363
2024-04-18T21:00:00.000000Z,101847,1.80195,1.81334,1.80135,1.80949,1.80195,1.81334,1.80135,1.80949,1.80476,1.81382,1.80285,1.81012
2024-04-21T21:00:00.000000Z,72311,1.80949,1.80954,1.79924,1.79955,1.80949,1.80954,1.79924,1.79955,1.81012,1.81375,1.79969,1.80016
2024-04-22T21:00:00.000000Z,79882,1.79835,1.80742,1.79789,1.80405,1.79835,1.80742,1.79789,1.80405,1.80136,1.80788,1.79838,1.80467
2024-04-23T21:00:00.000000Z,77469,1.80395,1.8046,1.79875,1.80234,1.80395,1.8046,1.79875,1.80234,1.80476,1.80606,1.79925,1.80286
2024-04-24T21:00:00.000000Z,76579,1.80111,1.80573,1.79757,1.80365,1.80111,1.80573,1.79757,1.80365,1.80399,1.80616,1.79806,1.8042
2024-04-25T21:00:00.000000Z,75389,1.80295,1.80394,1.79564,1.79995,1.80295,1.80394,1.79564,1.79995,1.80456,1.80721,1.79607,1.80056
2024-04-28T21:00:00.000000Z,87892,1.7967,1.80157,1.79205,1.79299,1.7967,1.80157,1.79205,1.79299,1.8012,1.80208,1.79253,1.79366
2024-04-29T21:00:00.000000Z,80959,1.79186,1.81209,1.7917,1.81145,1.79186,1.81209,1.7917,1.81145,1.79516,1.81254,1.79291,1.81208
2024-04-30T21:00:00.000000Z,81543,1.80895,1.8154,1.80576,1.80649,1.80895,1.8154,1.80576,1.80649,1.81336,1.81629,1.80626,1.80726
2024-05-01T21:00:00.000000Z,92785,1.80625,1.81015,1.79759,1.79875,1.80625,1.81015,1.79759,1.79875,1.80726,1.81106,1.79805,1.79926
2024-05-02T21:00:00.000000Z,93202,1.7974,1.80045,1.78437,1.79035,1.7974,1.80045,1.78437,1.79035,1.8019,1.80337,1.78572,1.79106
2024-05-05T21:00:00.000000Z,51677,1.7863,1.795,1.7863,1.79165,1.7863,1.795,1.7863,1.79165,1.7908,1.7955,1.78793,1.7922
2024-05-06T21:00:00.000000Z,62416,1.78975,1.79285,1.78846,1.79175,1.78975,1.79285,1.78846,1.79175,1.79346,1.79387,1.78894,1.79218
2024-05-07T21:00:00.000000Z,54225,1.79095,1.79655,1.78955,1.79019,1.79095,1.79655,1.78955,1.79019,1.79256,1.79691,1.79006,1.79056
2024-05-08T21:00:00.000000Z,58065,1.78875,1.79249,1.78623,1.78645,1.78875,1.79249,1.78623,1.78645,1.79206,1.79295,1.78676,1.78696
2024-05-09T21:00:00.000000Z,60244,1.78565,1.79245,1.78514,1.78885,1.78565,1.79245,1.78514,1.78885,1.78906,1.79286,1.7858,1.78972
2024-05-12T21:00:00.000000Z,50164,1.78865,1.79453,1.78735,1.79294,1.78865,1.79453,1.78735,1.79294,1.79256,1.79502,1.78888,1.79365
2024-05-13T21:00:00.000000Z,63719,1.79175,1.79629,1.78884,1.79075,1.79175,1.79629,1.78884,1.79075,1.79456,1.79717,1.78932,1.79122
2024-05-14T21:00:00.000000Z,77908,1.79005,1.79107,1.77552,1.7777,1.79005,1.79107,1.77552,1.7777,1.79366,1.7944,1.77666,1.77826
2024-05-15T21:00:00.000000Z,67277,1.77655,1.78085,1.77368,1.77496,1.77655,1.78085,1.77368,1.77496,1.78056,1.7821,1.77416,1.77546
2024-05-16T21:00:00.000000Z,55745,1.77395,1.77779,1.77105,1.77165,1.77395,1.77779,1.77105,1.77165,1.77706,1.77825,1.77166,1.77236
2024-05-19T21:00:00.000000Z,51850,1.77057,1.78035,1.77033,1.77789,1.77057,1.78035,1.77033,1.77789,1.77436,1.78082,1.77192,1.77836
2024-05-20T21:00:00.000000Z,68964,1.77654,1.78186,1.77515,1.78155,1.77654,1.78186,1.77515,1.78155,1.77935,1.78236,1.7775,1.78206
2024-05-21T21:00:00.000000Z,83270,1.78025,1.78158,1.7653,1.77515,1.78025,1.78158,1.7653,1.77515,1.78326,1.78356,1.76587,1.77566
2024-05-22T21:00:00.000000Z,91687,1.77455,1.77585,1.76865,1.77305,1.77455,1.77585,1.76865,1.77305,1.77716,1.77901,1.76906,1.7735
2024-05-23T21:00:00.000000Z,69246,1.77185,1.7761,1.77056,1.77155,1.77185,1.7761,1.77056,1.77155,1.77456,1.77655,1.77125,1.77226
2024-05-26T21:00:00.000000Z,42715,1.77144,1.77216,1.76352,1.76533,1.77144,1.77216,1.76352,1.76533,1.77529,1.77618,1.764,1.76616
2024-05-27T21:00:00.000000Z,75184,1.76475,1.76939,1.76217,1.76771,1.76475,1.76939,1.76217,1.76771,1.76746,1.76986,1.7626,1.76824
2024-05-28T21:00:00.000000Z,79221,1.76765,1.77179,1.76392,1.76634,1.76765,1.77179,1.76392,1.76634,1.76814,1.77225,1.76436,1.76681
2024-05-29T21:00:00.000000Z,87515,1.76555,1.77271,1.76424,1.77135,1.76555,1.77271,1.76424,1.77135,1.76757,1.77317,1.76662,1.77186
2024-05-30T21:00:00.000000Z,90561,1.76945,1.77174,1.76385,1.76541,1.76945,1.77174,1.76385,1.76541,1.77336,1.77366,1.76426,1.76656
2024-06-02T21:00:00.000000Z,82598,1.76565,1.76845,1.757,1.76065,1.76565,1.76845,1.757,1.76065,1.76616,1.76902,1.75745,1.76116
2024-06-03T21:00:00.000000Z,100558,1.75985,1.76498,1.75805,1.76114,1.75985,1.76498,1.75805,1.76114,1.76126,1.76547,1.75931,1.76157
2024-06-04T21:00:00.000000Z,79918,1.76128,1.76261,1.75411,1.75505,1.76128,1.76261,1.75411,1.75505,1.76269,1.76422,1.75456,1.75566
2024-06-05T21:00:00.000000Z,73717,1.75445,1.76226,1.75237,1.75605,1.75445,1.76226,1.75237,1.75605,1.75676,1.76274,1.75285,1.75665
2024-06-06T21:00:00.000000Z,97276,1.75576,1.76985,1.75407,1.76955,1.75576,1.76985,1.75407,1.76955,1.75826,1.77056,1.75647,1.77016
2024-06-09T21:00:00.000000Z,63585,1.7623,1.76675,1.75479,1.75645,1.7623,1.76675,1.75479,1.75645,1.76619,1.76771,1.75526,1.75703
2024-06-10T21:00:00.000000Z,71992,1.75595,1.75964,1.74735,1.74795,1.75595,1.75964,1.74735,1.74795,1.75736,1.76016,1.74775,1.74846
2024-06-11T21:00:00.000000Z,103890,1.74684,1.75237,1.74205,1.74745,1.74684,1.75237,1.74205,1.74745,1.74985,1.75404,1.74254,1.74796
2024-06-12T21:00:00.000000Z,79115,1.74655,1.75204,1.73907,1.74068,1.74655,1.75204,1.73907,1.74068,1.74816,1.75248,1.73953,1.74123
2024-06-13T21:00:00.000000Z,103368,1.73965,1.74795,1.73934,1.74135,1.73965,1.74795,1.73934,1.74135,1.74116,1.74841,1.74096,1.74392
2024-06-16T21:00:00.000000Z,73344,1.74135,1.75405,1.74135,1.75047,1.74135,1.75405,1.74135,1.75047,1.74392,1.75447,1.74386,1.75106
2024-06-17T21:00:00.000000Z,79977,1.74955,1.75826,1.74668,1.74775,1.74955,1.75826,1.74668,1.74775,1.75356,1.75872,1.74715,1.74826
2024-06-18T21:00:00.000000Z,41327,1.74695,1.75325,1.74614,1.75177,1.74695,1.75325,1.74614,1.75177,1.74906,1.75382,1.74796,1.75296
2024-06-19T21:00:00.000000Z,80256,1.75165,1.75324,1.74745,1.74866,1.75165,1.75324,1.74745,1.74866,1.75296,1.75546,1.74795,1.74926
2024-06-20T21:00:00.000000Z,75623,1.74735,1.75045,1.74243,1.74735,1.74735,1.75045,1.74243,1.74735,1.75046,1.75276,1.74286,1.74816
2024-06-23T21:00:00.000000Z,57548,1.74735,1.75434,1.74612,1.75235,1.74735,1.75434,1.74612,1.75235,1.74806,1.75476,1.74796,1.75286
2024-06-24T21:00:00.000000Z,57261,1.75235,1.7546,1.74836,1.75051,1.75235,1.7546,1.74836,1.75051,1.75286,1.75556,1.74885,1.75096
2024-06-25T21:00:00.000000Z,71283,1.75045,1.75805,1.7483,1.75595,1.75045,1.75805,1.7483,1.75595,1.75096,1.7585,1.74876,1.75656
2024-06-26T21:00:00.000000Z,66074,1.75395,1.75979,1.75196,1.75955,1.75395,1.75979,1.75196,1.75955,1.75836,1.76024,1.75241,1.76006
2024-06-27T21:00:00.000000Z,74406,1.75965,1.76515,1.75441,1.75825,1.75965,1.76515,1.75441,1.75825,1.76036,1.76562,1.75485,1.75906
2024-06-30T21:00:00.000000Z,66608,1.75825,1.76796,1.75825,1.76755,1.75825,1.76796,1.75825,1.76755,1.75906,1.76848,1.75906,1.76816
2024-07-01T21:00:00.000000Z,66424,1.76755,1.77445,1.76505,1.76765,1.76755,1.77445,1.76505,1.76765,1.76816,1.77496,1.76623,1.76806
2024-07-02T21:00:00.000000Z,71119,1.76745,1.77305,1.76437,1.76735,1.76745,1.77305,1.76437,1.76735,1.76876,1.77347,1.7649,1.76816
2024-07-03T21:00:00.000000Z,38303,1.76605,1.76775,1.76365,1.76735,1.76605,1.76775,1.76365,1.76735,1.76861,1.76981,1.76412,1.76821
2024-07-04T21:00:00.000000Z,80901,1.76625,1.77021,1.76254,1.76335,1.76625,1.77021,1.76254,1.76335,1.76886,1.77206,1.76302,1.76406
2024-07-07T21:00:00.000000Z,65812,1.75875,1.76734,1.75805,1.7669,1.75875,1.76734,1.75805,1.7669,1.76196,1.76777,1.76066,1.76746
2024-07-08T21:00:00.000000Z,65481,1.76575,1.76975,1.76414,1.76525,1.76575,1.76975,1.76414,1.76525,1.76866,1.77016,1.76525,1.76576
2024-07-09T21:00:00.000000Z,69114,1.76525,1.78272,1.76315,1.78075,1.76525,1.78272,1.76315,1.78075,1.76576,1.78321,1.76422,1.78142
2024-07-10T21:00:00.000000Z,105438,1.77915,1.78378,1.77569,1.78285,1.77915,1.78378,1.77569,1.78285,1.78176,1.78427,1.77625,1.78333
2024-07-11T21:00:00.000000Z,96925,1.78295,1.78825,1.77876,1.78225,1.78295,1.78825,1.77876,1.78225,1.78356,1.78874,1.77926,1.78296
2024-07-14T21:00:00.000000Z,91410,1.78054,1.79435,1.77921,1.79315,1.78054,1.79435,1.77921,1.79315,1.78355,1.79489,1.78296,1.79366
2024-07-15T21:00:00.000000Z,90218,1.79165,1.80271,1.7904,1.80134,1.79165,1.80271,1.7904,1.80134,1.79516,1.80322,1.79345,1.80184
2024-07-16T21:00:00.000000Z,103596,1.80065,1.80573,1.79231,1.79855,1.80065,1.80573,1.79231,1.79855,1.80376,1.80692,1.79278,1.79906
2024-07-17T21:00:00.000000Z,94489,1.7969,1.80285,1.79605,1.80225,1.7969,1.80285,1.79605,1.80225,1.8014,1.80336,1.79646,1.80291
2024-07-18T21:00:00.000000Z,84957,1.79955,1.81189,1.79945,1.81077,1.79955,1.81189,1.79945,1.81077,1.80405,1.81237,1.80165,1.81176
2024-07-21T21:00:00.000000Z,69885,1.80958,1.82205,1.80715,1.82135,1.80958,1.82205,1.80715,1.82135,1.81408,1.82252,1.80866,1.82186
2024-07-22T21:00:00.000000Z,63733,1.81925,1.8255,1.81895,1.82205,1.81925,1.8255,1.81895,1.82205,1.82346,1.82596,1.82056,1.82256
2024-07-23T21:00:00.000000Z,84780,1.82,1.8337,1.81891,1.82795,1.82,1.8337,1.81891,1.82795,1.8245,1.83409,1.82206,1.8284
2024-07-24T21:00:00.000000Z,102392,1.82785,1.84306,1.82444,1.84194,1.82785,1.84306,1.82444,1.84194,1.82846,1.84412,1.82776,1.84265
2024-07-25T21:00:00.000000Z,70386,1.84009,1.84486,1.83718,1.84355,1.84009,1.84486,1.83718,1.84355,1.84326,1.84557,1.83763,1.84426
2024-07-28T21:00:00.000000Z,64889,1.84097,1.8451,1.8395,1.84145,1.84097,1.8451,1.8395,1.84145,1.84547,1.84621,1.84121,1.84206
2024-07-29T21:00:00.000000Z,70793,1.84145,1.84319,1.83115,1.83185,1.84145,1.84319,1.83115,1.83185,1.84206,1.8444,1.83156,1.83236
2024-07-30T21:00:00.000000Z,101073,1.83159,1.83706,1.81645,1.81915,1.83159,1.83706,1.81645,1.81915,1.83456,1.83768,1.81702,1.81976
2024-07-31T21:00:00.000000Z,101469,1.81904,1.82066,1.80649,1.81355,1.81904,1.82066,1.80649,1.81355,1.81975,1.82198,1.808,1.81406
2024-08-01T21:00:00.000000Z,122978,1.81254,1.83165,1.81118,1.83127,1.81254,1.83165,1.81118,1.83127,1.81635,1.83211,1.81166,1.83191
2024-08-04T21:00:00.000000Z,186759,1.83125,1.86485,1.83014,1.84375,1.83125,1.86485,1.83014,1.84375,1.83226,1.86536,1.83226,1.84446
2024-08-05T21:00:00.000000Z,149080,1.84358,1.84875,1.83101,1.83595,1.84358,1.84875,1.83101,1.83595,1.84566,1.84929,1.83162,1.83656
2024-08-06T21:00:00.000000Z,116235,1.83584,1.83595,1.81157,1.82205,1.83584,1.83595,1.81157,1.82205,1.83655,1.83906,1.81199,1.82266
2024-08-07T21:00:00.000000Z,99423,1.82015,1.82728,1.81464,1.81555,1.82015,1.82728,1.81464,1.81555,1.82396,1.82782,1.81511,1.81603
2024-08-08T21:00:00.000000Z,69037,1.81555,1.82115,1.80935,1.81925,1.81555,1.82115,1.80935,1.81925,1.81616,1.82162,1.80986,1.81986
2024-08-11T21:00:00.000000Z,50026,1.81865,1.82201,1.81069,1.81645,1.81865,1.82201,1.81069,1.81645,1.82176,1.82261,1.81115,1.81699
2024-08-12T21:00:00.000000Z,64297,1.81435,1.81634,1.80674,1.80854,1.81435,1.81634,1.80674,1.80854,1.81836,1.81836,1.80716,1.80925
2024-08-13T21:00:00.000000Z,80986,1.80865,1.83695,1.80695,1.83615,1.80865,1.83695,1.80695,1.83615,1.80946,1.8374,1.80749,1.83686
2024-08-14T21:00:00.000000Z,63571,1.83445,1.83915,1.82625,1.83315,1.83445,1.83915,1.82625,1.83315,1.83616,1.83958,1.82666,1.83376
2024-08-15T21:00:00.000000Z,52010,1.83205,1.83491,1.81951,1.82105,1.83205,1.83491,1.81951,1.82105,1.83386,1.83538,1.81995,1.82226
2024-08-18T21:00:00.000000Z,54308,1.82125,1.82241,1.81186,1.81273,1.82125,1.82241,1.81186,1.81273,1.82575,1.82609,1.81251,1.81376
2024-08-19T21:00:00.000000Z,75278,1.81205,1.81381,1.80296,1.80835,1.81205,1.81381,1.80296,1.80835,1.81486,1.81621,1.80345,1.8091
2024-08-20T21:00:00.000000Z,73221,1.80715,1.81166,1.80485,1.81088,1.80715,1.81166,1.80485,1.81088,1.80956,1.8126,1.80539,1.81156
2024-08-21T21:00:00.000000Z,67326,1.80854,1.81321,1.80485,1.80945,1.80854,1.81321,1.80485,1.80945,1.81235,1.8143,1.80526,1.80996
2024-08-22T21:00:00.000000Z,66541,1.80825,1.81065,1.79425,1.79515,1.80825,1.81065,1.79425,1.79515,1.81275,1.81275,1.79476,1.79586
2024-08-25T21:00:00.000000Z,63754,1.79545,1.80178,1.79417,1.7986,1.79545,1.80178,1.79417,1.7986,1.79936,1.80221,1.79595,1.79916
2024-08-26T21:00:00.000000Z,68916,1.79695,1.80163,1.7883,1.78844,1.79695,1.80163,1.7883,1.78844,1.80145,1.8021,1.78881,1.78905
2024-08-27T21:00:00.000000Z,64927,1.78775,1.7915,1.77996,1.78065,1.78775,1.7915,1.77996,1.78065,1.78976,1.79201,1.78046,1.78146
2024-08-28T21:00:00.000000Z,88023,1.77965,1.78135,1.765,1.76995,1.77965,1.78135,1.765,1.76995,1.78216,1.78281,1.76543,1.77055
2024-08-29T21:00:00.000000Z,70706,1.76815,1.77265,1.76573,1.76732,1.76815,1.77265,1.76573,1.76732,1.77136,1.77312,1.76622,1.76815
2024-09-01T21:00:00.000000Z,32292,1.76776,1.77795,1.76651,1.77654,1.76776,1.77795,1.76651,1.77654,1.77207,1.77841,1.76703,1.77725
2024-09-02T21:00:00.000000Z,72968,1.77415,1.78755,1.77405,1.78465,1.77415,1.78755,1.77405,1.78465,1.77846,1.78798,1.77514,1.78526
2024-09-03T21:00:00.000000Z,73703,1.7824,1.79113,1.78215,1.78765,1.7824,1.79113,1.78215,1.78765,1.7869,1.79162,1.78306,1.78834
2024-09-04T21:00:00.000000Z,63187,1.78735,1.79251,1.78258,1.78485,1.78735,1.79251,1.78258,1.78485,1.79056,1.79297,1.78353,1.78546
2024-09-05T21:00:00.000000Z,80001,1.78405,1.7985,1.779,1.79505,1.78405,1.7985,1.779,1.79505,1.78686,1.79896,1.78197,1.79563
2024-09-08T21:00:00.000000Z,50221,1.79321,1.80271,1.79119,1.79545,1.79321,1.80271,1.79119,1.79545,1.79634,1.80315,1.79166,1.79606
2024-09-09T21:00:00.000000Z,52493,1.79555,1.79882,1.79021,1.79175,1.79555,1.79882,1.79021,1.79175,1.79616,1.79934,1.79072,1.79236
2024-09-10T21:00:00.000000Z,97301,1.79165,1.802,1.78914,1.79425,1.79165,1.802,1.78914,1.79425,1.79216,1.80252,1.79143,1.79496
2024-09-11T21:00:00.000000Z,66808,1.79425,1.79847,1.78957,1.79085,1.79425,1.79847,1.78957,1.79085,1.79506,1.79935,1.79003,1.79139
2024-09-12T21:00:00.000000Z,54833,1.79045,1.80005,1.78964,1.79835,1.79045,1.80005,1.78964,1.79835,1.79476,1.80046,1.79015,1.79906
2024-09-15T21:00:00.000000Z,45476,1.79674,1.80151,1.79463,1.79495,1.79674,1.80151,1.79463,1.79495,1.80124,1.802,1.79506,1.79546
2024-09-16T21:00:00.000000Z,56016,1.79385,1.79937,1.79267,1.79705,1.79385,1.79937,1.79267,1.79705,1.79696,1.79986,1.79316,1.79766
2024-09-17T21:00:00.000000Z,126506,1.79555,1.79725,1.78397,1.7907,1.79555,1.79725,1.78397,1.7907,1.79846,1.7991,1.78513,1.79146
2024-09-18T21:00:00.000000Z,98902,1.79055,1.79215,1.78162,1.78875,1.79055,1.79215,1.78162,1.78875,1.79136,1.79476,1.78261,1.78942
2024-09-19T21:00:00.000000Z,100834,1.78875,1.79424,1.78518,1.78934,1.78875,1.79424,1.78518,1.78934,1.78956,1.79474,1.78565,1.79005
2024-09-22T21:00:00.000000Z,51096,1.78829,1.79088,1.77017,1.77295,1.78829,1.79088,1.77017,1.77295,1.79279,1.79279,1.77061,1.77356
2024-09-23T21:00:00.000000Z,60684,1.77125,1.77773,1.76175,1.76335,1.77125,1.77773,1.76175,1.76335,1.77506,1.7782,1.76216,1.76386
2024-09-24T21:00:00.000000Z,54286,1.76351,1.77789,1.76077,1.77765,1.76351,1.77789,1.76077,1.77765,1.76516,1.77846,1.76125,1.77836
2024-09-25T21:00:00.000000Z,71625,1.77765,1.78041,1.76531,1.76614,1.77765,1.78041,1.76531,1.76614,1.77836,1.78095,1.76576,1.76675
2024-09-26T21:00:00.000000Z,82914,1.76445,1.77258,1.75568,1.76025,1.76445,1.77258,1.75568,1.76025,1.76895,1.77306,1.75618,1.76096
2024-09-29T21:00:00.000000Z,82013,1.75905,1.76326,1.74877,1.75345,1.75905,1.76326,1.74877,1.75345,1.76336,1.76375,1.74926,1.75406
2024-09-30T21:00:00.000000Z,94373,1.75175,1.76343,1.75175,1.76187,1.75175,1.76343,1.75175,1.76187,1.75625,1.76395,1.75361,1.76266
2024-10-01T21:00:00.000000Z,71476,1.75925,1.76411,1.75289,1.76345,1.75925,1.76411,1.75289,1.76345,1.76375,1.76464,1.7534,1.76426
2024-10-02T21:00:00.000000Z,79233,1.76344,1.77575,1.76069,1.77515,1.76344,1.77575,1.76069,1.77515,1.76415,1.77628,1.76387,1.77586
2024-10-03T21:00:00.000000Z,75744,1.77482,1.78355,1.77385,1.78155,1.77482,1.78355,1.77385,1.78155,1.77696,1.78404,1.77438,1.78242
2024-10-06T21:00:00.000000Z,71974,1.78169,1.79425,1.77667,1.79155,1.78169,1.79425,1.77667,1.79155,1.78286,1.79468,1.77739,1.79221
2024-10-07T21:00:00.000000Z,87592,1.79144,1.79694,1.78686,1.78874,1.79144,1.79694,1.78686,1.78874,1.79215,1.79741,1.78727,1.78918
2024-10-08T21:00:00.000000Z,93928,1.78595,1.80776,1.78528,1.80395,1.78595,1.80776,1.78528,1.80395,1.78966,1.80826,1.78804,1.80462
2024-10-09T21:00:00.000000Z,106884,1.80315,1.80508,1.79385,1.79455,1.80315,1.80508,1.79385,1.79455,1.80527,1.80666,1.79431,1.79531
2024-10-10T21:00:00.000000Z,75698,1.79464,1.79635,1.78795,1.78975,1.79464,1.79635,1.78795,1.78975,1.79535,1.79976,1.78844,1.79066
2024-10-13T21:00:00.000000Z,68271,1.7915,1.79695,1.789,1.78925,1.7915,1.79695,1.789,1.78925,1.796,1.79743,1.78967,1.78994
2024-10-14T21:00:00.000000Z,83222,1.78865,1.79344,1.78729,1.78988,1.78865,1.79344,1.78729,1.78988,1.79096,1.79383,1.78776,1.79046
2024-10-15T21:00:00.000000Z,85158,1.78995,1.80149,1.7858,1.79315,1.78995,1.80149,1.7858,1.79315,1.79056,1.80207,1.7903,1.79388
2024-10-16T21:00:00.000000Z,94270,1.79195,1.79469,1.78305,1.78699,1.79195,1.79469,1.78305,1.78699,1.79516,1.79596,1.78362,1.78766
2024-10-17T21:00:00.000000Z,78721,1.78615,1.79105,1.78429,1.78925,1.78615,1.79105,1.78429,1.78925,1.78886,1.79153,1.78477,1.79032
2024-10-20T21:00:00.000000Z,84125,1.78711,1.79475,1.78585,1.793,1.78711,1.79475,1.78585,1.793,1.78996,1.79521,1.78641,1.79356
2024-10-21T21:00:00.000000Z,85962,1.79206,1.796,1.78334,1.78637,1.79206,1.796,1.78334,1.78637,1.79476,1.79648,1.78386,1.78699
2024-10-22T21:00:00.000000Z,79096,1.78471,1.7977,1.78436,1.79569,1.78471,1.7977,1.78436,1.79569,1.78679,1.79826,1.78513,1.79626
2024-10-23T21:00:00.000000Z,93254,1.79464,1.80056,1.78775,1.79994,1.79464,1.80056,1.78775,1.79994,1.79765,1.80109,1.78825,1.80036
2024-10-24T21:00:00.000000Z,81637,1.79815,1.80733,1.7971,1.80555,1.79815,1.80733,1.7971,1.80555,1.80096,1.8078,1.79995,1.80676
2024-10-27T21:00:00.000000Z,76845,1.80299,1.81092,1.79914,1.80772,1.80299,1.81092,1.79914,1.80772,1.80749,1.81142,1.80364,1.80826
2024-10-28T21:00:00.000000Z,118145,1.80647,1.81309,1.80592,1.81095,1.80647,1.81309,1.80592,1.81095,1.80866,1.8136,1.80645,1.81156
2024-10-29T21:00:00.000000Z,133739,1.81015,1.81777,1.80574,1.81725,1.81015,1.81777,1.80574,1.81725,1.81186,1.81856,1.80629,1.81806
2024-10-30T21:00:00.000000Z,142119,1.81585,1.82729,1.81406,1.82084,1.81585,1.82729,1.81406,1.82084,1.81976,1.82779,1.81463,1.82145
2024-10-31T21:00:00.000000Z,127309,1.81975,1.82435,1.81205,1.81665,1.81975,1.82435,1.81205,1.81665,1.82246,1.82487,1.81406,1.81744
2024-11-03T22:00:00.000000Z,124447,1.81144,1.82172,1.81128,1.82085,1.81144,1.82172,1.81128,1.82085,1.81445,1.82266,1.81246,1.82156
2024-11-04T22:00:00.000000Z,100406,1.82094,1.82309,1.81368,1.81915,1.82094,1.82309,1.81368,1.81915,1.82165,1.82376,1.81493,1.82006
2024-11-05T22:00:00.000000Z,267916,1.81755,1.82038,1.79675,1.80644,1.81755,1.82038,1.79675,1.80644,1.82126,1.82345,1.79741,1.80716
2024-11-06T22:00:00.000000Z,162408,1.80505,1.80845,1.79045,1.79264,1.80505,1.80845,1.79045,1.79264,1.80836,1.8092,1.79106,1.79325
2024-11-07T22:00:00.000000Z,153069,1.79206,1.79957,1.79121,1.79557,1.79206,1.79957,1.79121,1.79557,1.79426,1.80009,1.79174,1.79684
2024-11-10T22:00:00.000000Z,103885,1.79462,1.79715,1.78482,1.78654,1.79462,1.79715,1.78482,1.78654,1.79912,1.80011,1.78539,1.78701
2024-11-11T22:00:00.000000Z,149395,1.78545,1.79385,1.78353,1.79245,1.78545,1.79385,1.78353,1.79245,1.78966,1.79448,1.78407,1.79307
2024-11-12T22:00:00.000000Z,149578,1.79095,1.79725,1.78842,1.79654,1.79095,1.79725,1.78842,1.79654,1.79496,1.79786,1.78893,1.79717
2024-11-13T22:00:00.000000Z,145018,1.79535,1.80065,1.79274,1.79985,1.79535,1.80065,1.79274,1.79985,1.79746,1.80122,1.79406,1.80056
2024-11-14T22:00:00.000000Z,98864,1.79805,1.80211,1.79415,1.79613,1.79805,1.80211,1.79415,1.79613,1.80106,1.80465,1.7963,1.79748
2024-11-17T22:00:00.000000Z,92893,1.79253,1.80708,1.79253,1.79805,1.79253,1.80708,1.79253,1.79805,1.79703,1.80762,1.79541,1.79886
2024-11-18T22:00:00.000000Z,119806,1.79855,1.80145,1.7902,1.79195,1.79855,1.80145,1.7902,1.79195,1.80056,1.80194,1.79086,1.79266
2024-11-19T22:00:00.000000Z,86543,1.79065,1.79574,1.78963,1.79385,1.79065,1.79574,1.78963,1.79385,1.79496,1.79631,1.79133,1.79466
2024-11-20T22:00:00.000000Z,104636,1.79325,1.79743,1.78575,1.78735,1.79325,1.79743,1.78575,1.78735,1.79526,1.79796,1.78685,1.78806
2024-11-21T22:00:00.000000Z,126180,1.78625,1.79633,1.77388,1.78497,1.78625,1.79633,1.77388,1.78497,1.78986,1.79692,1.77495,1.78628
2024-11-24T22:00:00.000000Z,120382,1.78826,1.79656,1.78515,1.79535,1.78826,1.79656,1.78515,1.79535,1.79276,1.79716,1.78691,1.79616
2024-11-25T22:00:00.000000Z,121421,1.79535,1.80381,1.7924,1.79765,1.79535,1.80381,1.7924,1.79765,1.79616,1.80456,1.79302,1.79816
2024-11-26T22:00:00.000000Z,114873,1.79715,1.79905,1.78075,1.79245,1.79715,1.79905,1.78075,1.79245,1.79876,1.80117,1.78137,1.79316
2024-11-27T22:00:00.000000Z,64369,1.79045,1.79325,1.78757,1.79185,1.79045,1.79325,1.78757,1.79185,1.79456,1.79515,1.78806,1.79296
2024-11-28T22:00:00.000000Z,107109,1.78925,1.79252,1.78095,1.78442,1.78925,1.79252,1.78095,1.78442,1.79326,1.7949,1.78156,1.78681
2024-12-01T22:00:00.000000Z,126672,1.78597,1.78715,1.77844,1.78254,1.78597,1.78715,1.77844,1.78254,1.78996,1.79058,1.77906,1.78355
2024-12-02T22:00:00.000000Z,97826,1.7812,1.79022,1.7809,1.78664,1.7812,1.79022,1.7809,1.78664,1.7857,1.79075,1.78197,1.78735
2024-12-03T22:00:00.000000Z,106393,1.7847,1.79945,1.78455,1.79635,1.7847,1.79945,1.78455,1.79635,1.7892,1.80095,1.78626,1.79706
2024-12-04T22:00:00.000000Z,73650,1.79575,1.80205,1.79097,1.79854,1.79575,1.80205,1.79097,1.79854,1.79805,1.80263,1.79157,1.79945
2024-12-05T22:00:00.000000Z,88734,1.79765,1.81235,1.79647,1.81205,1.79765,1.81235,1.79647,1.81205,1.79937,1.81555,1.79816,1.81324
2024-12-08T22:00:00.000000Z,73799,1.80676,1.81532,1.79671,1.79915,1.80676,1.81532,1.79671,1.79915,1.81009,1.81587,1.79706,1.79996
2024-12-09T22:00:00.000000Z,74542,1.79885,1.81537,1.79759,1.81485,1.79885,1.81537,1.79759,1.81485,1.80136,1.81592,1.79946,1.81566
2024-12-10T22:00:00.000000Z,97090,1.81255,1.82074,1.81135,1.81425,1.81255,1.82074,1.81135,1.81425,1.81666,1.82126,1.81191,1.81516
2024-12-11T22:00:00.000000Z,94559,1.81265,1.81635,1.80745,1.81415,1.81265,1.81635,1.80745,1.81415,1.81606,1.81693,1.80809,1.81496
2024-12-12T22:00:00.000000Z,78980,1.81395,1.82359,1.81137,1.82197,1.81395,1.82359,1.81137,1.82197,1.81446,1.82505,1.81406,1.82344
2024-12-15T22:00:00.000000Z,70400,1.81911,1.82344,1.816,1.81765,1.81911,1.82344,1.816,1.81765,1.8232,1.82475,1.81653,1.81826
2024-12-16T22:00:00.000000Z,67873,1.81774,1.82535,1.81493,1.82324,1.81774,1.82535,1.81493,1.82324,1.81845,1.82583,1.81596,1.82415
2024-12-17T22:00:00.000000Z,89705,1.821,1.84185,1.82085,1.84075,1.821,1.84185,1.82085,1.84075,1.8255,1.84256,1.82281,1.84136
2024-12-18T22:00:00.000000Z,100675,1.84005,1.84773,1.83433,1.84025,1.84005,1.84773,1.83433,1.84025,1.84206,1.84826,1.83493,1.84106
2024-12-19T22:00:00.000000Z,78615,1.83905,1.84608,1.83882,1.84321,1.83905,1.84608,1.83882,1.84321,1.84324,1.8476,1.83957,1.84468
2024-12-22T22:00:00.000000Z,53423,1.84524,1.84881,1.83851,1.84196,1.84524,1.84881,1.83851,1.84196,1.84955,1.85185,1.83911,1.84305
2024-12-23T22:00:00.000000Z,34446,1.84235,1.84487,1.8364,1.84209,1.84235,1.84487,1.8364,1.84209,1.84328,1.8464,1.83978,1.84565
2024-12-25T22:00:00.000000Z,46547,1.8374,1.85323,1.8374,1.85285,1.8374,1.85323,1.8374,1.85285,1.8419,1.854,1.83816,1.85396
2024-12-26T22:00:00.000000Z,63022,1.85304,1.85405,1.84808,1.85021,1.85304,1.85405,1.84808,1.85021,1.85405,1.856,1.84872,1.85164
2024-12-29T22:00:00.000000Z,65688,1.85031,1.85215,1.84032,1.84535,1.85031,1.85215,1.84032,1.84535,1.85481,1.8556,1.84092,1.84616
2024-12-30T22:00:00.000000Z,68817,1.84545,1.85379,1.84175,1.85049,1.84545,1.85379,1.84175,1.85049,1.84616,1.85446,1.84435,1.85172
2025-01-01T22:00:00.000000Z,73759,1.85065,1.85065,1.82753,1.8346,1.85065,1.85065,1.82753,1.8346,1.85166,1.85331,1.82852,1.83535
2025-01-02T22:00:00.000000Z,63651,1.8346,1.83806,1.8303,1.83617,1.8346,1.83806,1.8303,1.83617,1.83535,1.83896,1.83088,1.83756
2025-01-05T22:00:00.000000Z,104254,1.83353,1.84331,1.8297,1.84114,1.83353,1.84331,1.8297,1.84114,1.83803,1.8439,1.83026,1.84185
2025-01-06T22:00:00.000000Z,86027,1.83845,1.84174,1.83069,1.83495,1.83845,1.84174,1.83069,1.83495,1.84295,1.84529,1.8312,1.83576
2025-01-07T22:00:00.000000Z,97339,1.83375,1.84089,1.83333,1.83955,1.83375,1.84089,1.83333,1.83955,1.83796,1.84284,1.83466,1.84026
2025-01-08T22:00:00.000000Z,63187,1.83725,1.84575,1.83655,1.83915,1.83725,1.84575,1.83655,1.83915,1.84076,1.84631,1.83854,1.83986
2025-01-09T22:00:00.000000Z,94632,1.83845,1.84753,1.83805,1.84337,1.83845,1.84753,1.83805,1.84337,1.84186,1.85035,1.83916,1.84476
2025-01-12T22:00:00.000000Z,79244,1.84088,1.84443,1.83365,1.83425,1.84088,1.84443,1.83365,1.83425,1.84527,1.8469,1.83432,1.83566
2025-01-13T22:00:00.000000Z,79734,1.83255,1.84058,1.82276,1.83894,1.83255,1.84058,1.82276,1.83894,1.83636,1.84111,1.82326,1.83985
2025-01-14T22:00:00.000000Z,72579,1.83735,1.84002,1.82948,1.83215,1.83735,1.84002,1.82948,1.83215,1.84185,1.84206,1.83019,1.83296
2025-01-15T22:00:00.000000Z,78313,1.83235,1.83885,1.82773,1.83694,1.83235,1.83885,1.82773,1.83694,1.83316,1.83992,1.82836,1.83765
2025-01-16T22:00:00.000000Z,71418,1.83635,1.84585,1.83474,1.83917,1.83635,1.84585,1.83474,1.83917,1.83956,1.84637,1.83606,1.84052
2025-01-19T22:00:00.000000Z,87365,1.83645,1.84255,1.83443,1.83635,1.83645,1.84255,1.83443,1.83635,1.84095,1.84303,1.83496,1.83706
2025-01-20T22:00:00.000000Z,113062,1.83425,1.84182,1.83325,1.83545,1.83425,1.84182,1.83325,1.83545,1.83776,1.84263,1.83396,1.83668
2025-01-21T22:00:00.000000Z,85773,1.83505,1.84212,1.83395,1.83755,1.83505,1.84212,1.83395,1.83755,1.83936,1.84268,1.83641,1.83816
2025-01-22T22:00:00.000000Z,88265,1.83705,1.84065,1.83415,1.83515,1.83705,1.84065,1.83415,1.83515,1.84016,1.84126,1.83476,1.83576
2025-01-23T22:00:00.000000Z,94499,1.83504,1.83915,1.82845,1.83701,1.83504,1.83915,1.82845,1.83701,1.83595,1.84026,1.829,1.83836
2025-01-26T22:00:00.000000Z,94781,1.83597,1.84869,1.83584,1.84245,1.83597,1.84869,1.83584,1.84245,1.8395,1.84926,1.83806,1.84326
2025-01-27T22:00:00.000000Z,82251,1.84235,1.84575,1.83985,1.84035,1.84235,1.84575,1.83985,1.84035,1.84566,1.84646,1.84045,1.84116
2025-01-28T22:00:00.000000Z,83061,1.83985,1.84478,1.83765,1.84125,1.83985,1.84478,1.83765,1.84125,1.84116,1.84591,1.84062,1.84206
2025-01-29T22:00:00.000000Z,82993,1.8405,1.84895,1.8393,1.84375,1.8405,1.84895,1.8393,1.84375,1.845,1.84956,1.84013,1.84476
2025-01-30T22:00:00.000000Z,110868,1.84405,1.84635,1.83437,1.83709,1.84405,1.84635,1.83437,1.83709,1.84484,1.84738,1.83495,1.83848
2025-02-02T22:00:00.000000Z,168103,1.83125,1.85135,1.8301,1.83755,1.83125,1.85135,1.8301,1.83755,1.83575,1.85191,1.83361,1.83846
2025-02-03T22:00:00.000000Z,95306,1.83735,1.84496,1.83396,1.83635,1.83735,1.84496,1.83396,1.83635,1.83816,1.84554,1.83454,1.83696
2025-02-04T22:00:00.000000Z,95902,1.83528,1.83763,1.82694,1.82895,1.83528,1.83763,1.82694,1.82895,1.83806,1.83984,1.82753,1.82976
2025-02-05T22:00:00.000000Z,74600,1.82894,1.83465,1.82705,1.82935,1.82894,1.83465,1.82705,1.82935,1.82965,1.83518,1.82805,1.82996
2025-02-06T22:00:00.000000Z,101533,1.82915,1.83125,1.8223,1.82429,1.82915,1.83125,1.8223,1.82429,1.82996,1.8331,1.82515,1.82572
2025-02-09T22:00:00.000000Z,78829,1.82301,1.82705,1.82035,1.82705,1.82301,1.82705,1.82035,1.82705,1.82751,1.82796,1.82222,1.82786
2025-02-10T22:00:00.000000Z,76556,1.82445,1.83361,1.82228,1.83215,1.82445,1.83361,1.82228,1.83215,1.82876,1.83426,1.82286,1.83286
2025-02-11T22:00:00.000000Z,102658,1.83124,1.8443,1.82755,1.84035,1.83124,1.8443,1.82755,1.84035,1.83315,1.84482,1.82803,1.84126
2025-02-12T22:00:00.000000Z,111620,1.84025,1.84931,1.838,1.84265,1.84025,1.84931,1.838,1.84265,1.84116,1.84976,1.84066,1.84336
2025-02-13T22:00:00.000000Z,88929,1.84163,1.84357,1.8284,1.83005,1.84163,1.84357,1.8284,1.83005,1.84397,1.84761,1.82895,1.83144
2025-02-16T22:00:00.000000Z,56337,1.83091,1.83318,1.82525,1.82735,1.83091,1.83318,1.82525,1.82735,1.83539,1.83539,1.82576,1.82806
2025-02-17T22:00:00.000000Z,72725,1.82535,1.83584,1.82494,1.83095,1.82535,1.83584,1.82494,1.83095,1.82886,1.83634,1.82744,1.83176
2025-02-18T22:00:00.000000Z,70045,1.83035,1.83925,1.82124,1.82685,1.83035,1.83925,1.82124,1.82685,1.83266,1.8398,1.82177,1.82746
2025-02-19T22:00:00.000000Z,80461,1.82435,1.83002,1.81734,1.82205,1.82435,1.83002,1.81734,1.82205,1.82885,1.83062,1.81784,1.82296
2025-02-20T22:00:00.000000Z,81181,1.82084,1.82386,1.81693,1.82117,1.82084,1.82386,1.81693,1.82117,1.82335,1.82486,1.81755,1.8226
2025-02-23T22:00:00.000000Z,93029,1.82166,1.82906,1.8179,1.82565,1.82166,1.82906,1.8179,1.82565,1.82545,1.8297,1.82029,1.82636
2025-02-24T22:00:00.000000Z,98977,1.82566,1.83947,1.82484,1.83635,1.82566,1.83947,1.82484,1.83635,1.82756,1.84001,1.82585,1.83696
2025-02-25T22:00:00.000000Z,98159,1.83605,1.84306,1.83438,1.84065,1.83605,1.84306,1.83438,1.84065,1.83856,1.84356,1.83566,1.84166
2025-02-26T22:00:00.000000Z,104797,1.83895,1.84741,1.83785,1.84615,1.83895,1.84741,1.83785,1.84615,1.84286,1.84802,1.83926,1.84696
2025-02-27T22:00:00.000000Z,107151,1.84605,1.85909,1.8439,1.85297,1.84605,1.85909,1.8439,1.85297,1.84686,1.85964,1.84596,1.85436
2025-03-02T22:00:00.000000Z,124647,1.85595,1.86896,1.85439,1.86685,1.85595,1.86896,1.85439,1.86685,1.85884,1.86961,1.85525,1.86786
2025-03-03T22:00:00.000000Z,143126,1.86565,1.88105,1.8654,1.87564,1.86565,1.88105,1.8654,1.87564,1.87015,1.88162,1.86697,1.87635
2025-03-04T22:00:00.000000Z,142531,1.87375,1.88952,1.87305,1.88395,1.87375,1.88952,1.87305,1.88395,1.87786,1.89007,1.87508,1.88476
2025-03-05T22:00:00.000000Z,142234,1.88365,1.88855,1.87666,1.87981,1.88365,1.88855,1.87666,1.87981,1.88486,1.88923,1.87726,1.88112
2025-03-06T22:00:00.000000Z,136915,1.88004,1.90505,1.87805,1.89665,1.88004,1.90505,1.87805,1.89665,1.88115,1.90554,1.88025,1.898
2025-03-09T21:00:00.000000Z,133215,1.89413,1.90247,1.88675,1.90124,1.89413,1.90247,1.88675,1.90124,1.89863,1.90313,1.88722,1.90225
2025-03-10T21:00:00.000000Z,131313,1.90035,1.91665,1.89865,1.90995,1.90035,1.91665,1.89865,1.90995,1.90206,1.91719,1.90084,1.91076
2025-03-11T21:00:00.000000Z,116856,1.90958,1.91225,1.89945,1.90015,1.90958,1.91225,1.89945,1.90015,1.91146,1.91277,1.90006,1.90076
2025-03-12T21:00:00.000000Z,103037,1.89845,1.90842,1.89558,1.90495,1.89845,1.90842,1.89558,1.90495,1.90156,1.90889,1.89615,1.90556
2025-03-13T21:00:00.000000Z,109577,1.90265,1.90585,1.89077,1.89165,1.90265,1.90585,1.89077,1.89165,1.90526,1.9083,1.8914,1.89312
2025-03-16T21:00:00.000000Z,97010,1.89145,1.8932,1.87445,1.87635,1.89145,1.8932,1.87445,1.87635,1.89595,1.89625,1.87489,1.87696
2025-03-17T21:00:00.000000Z,91253,1.8744,1.88239,1.87191,1.88015,1.8744,1.88239,1.87191,1.88015,1.8789,1.88286,1.87232,1.88096
2025-03-18T21:00:00.000000Z,91460,1.87955,1.88595,1.87437,1.87465,1.87955,1.88595,1.87437,1.87465,1.88176,1.88646,1.87496,1.87526
2025-03-19T21:00:00.000000Z,89513,1.87385,1.89242,1.87025,1.88455,1.87385,1.89242,1.87025,1.88455,1.87546,1.89298,1.87226,1.88516
2025-03-20T21:00:00.000000Z,81192,1.88405,1.88763,1.88015,1.88585,1.88405,1.88763,1.88015,1.88585,1.88656,1.88816,1.88066,1.88728
2025-03-23T21:00:00.000000Z,85125,1.88433,1.89326,1.88194,1.88535,1.88433,1.89326,1.88194,1.88535,1.88866,1.89388,1.88478,1.88596
2025-03-24T21:00:00.000000Z,76454,1.88524,1.88839,1.88165,1.88214,1.88524,1.88839,1.88165,1.88214,1.88585,1.88888,1.88216,1.88285
2025-03-25T21:00:00.000000Z,82461,1.88055,1.88595,1.87258,1.87705,1.88055,1.88595,1.87258,1.87705,1.88396,1.88656,1.87315,1.87776
2025-03-26T21:00:00.000000Z,93801,1.87615,1.88215,1.87253,1.88165,1.87615,1.88215,1.87253,1.88165,1.87856,1.88284,1.87396,1.88236
2025-03-27T21:00:00.000000Z,89902,1.88055,1.89641,1.87964,1.89405,1.88055,1.89641,1.87964,1.89405,1.88326,1.89716,1.88156,1.89556
2025-03-30T21:00:00.000000Z,93258,1.89166,1.90987,1.89166,1.90445,1.89166,1.90987,1.89166,1.90445,1.89551,1.91036,1.89432,1.90526
2025-03-31T21:00:00.000000Z,89931,1.90435,1.91092,1.89277,1.89305,1.90435,1.91092,1.89277,1.89305,1.90716,1.91145,1.89336,1.89366
2025-04-01T21:00:00.000000Z,87695,1.89285,1.89437,1.87851,1.88869,1.89285,1.89437,1.87851,1.88869,1.89356,1.89586,1.88015,1.89086
2025-04-02T21:00:00.000000Z,217159,1.88717,1.91345,1.8847,1.90695,1.88717,1.91345,1.8847,1.90695,1.8896,1.91416,1.88846,1.90766
2025-04-03T21:00:00.000000Z,251378,1.90555,1.97325,1.90359,1.95785,1.90555,1.97325,1.90359,1.95785,1.90826,1.97388,1.90636,1.95972
2025-04-06T21:00:00.000000Z,328443,1.9514,1.9839,1.94045,1.96697,1.9514,1.9839,1.94045,1.96697,1.9559,1.98464,1.94176,1.96908
2025-04-07T21:00:00.000000Z,184959,1.96785,1.98295,1.94234,1.97994,1.96785,1.98295,1.94234,1.97994,1.96992,1.98356,1.94295,1.98085
2025-04-08T21:00:00.000000Z,313108,1.97975,2.00074,1.93346,1.93915,1.97975,2.00074,1.93346,1.93915,1.98066,2.00143,1.93434,1.94064
2025-04-09T21:00:00.000000Z,211513,1.93915,1.962,1.92283,1.95135,1.93915,1.962,1.92283,1.95135,1.94072,1.96264,1.92345,1.95216
2025-04-10T21:00:00.000000Z,287614,1.95075,1.97515,1.94115,1.94909,1.95075,1.97515,1.94115,1.94909,1.95216,1.97639,1.94185,1.951
2025-04-13T21:00:00.000000Z,166577,1.94199,1.95255,1.92774,1.93075,1.94199,1.95255,1.92774,1.93075,1.94616,1.95336,1.92843,1.93166
2025-04-14T21:00:00.000000Z,122042,1.93095,1.93385,1.90395,1.91235,1.93095,1.93385,1.90395,1.91235,1.93186,1.93675,1.9045,1.91326
2025-04-15T21:00:00.000000Z,125548,1.91265,1.92555,1.90757,1.92045,1.91265,1.92555,1.90757,1.92045,1.91356,1.92611,1.91188,1.92136
2025-04-16T21:00:00.000000Z,107355,1.91915,1.92575,1.89955,1.90245,1.91915,1.92575,1.89955,1.90245,1.92365,1.92624,1.90006,1.9034
2025-04-17T21:00:00.000000Z,340425,1.90255,1.92085,1.90098,1.91765,1.90255,1.92085,1.90098,1.91765,1.90364,1.92273,1.90364,1.91984
2025-04-20T21:00:00.000000Z,112419,1.91765,1.92912,1.91229,1.91825,1.91765,1.92912,1.91229,1.91825,1.91984,1.93016,1.91289,1.91916
2025-04-21T21:00:00.000000Z,118251,1.91755,1.92137,1.90749,1.91485,1.91755,1.92137,1.90749,1.91485,1.92106,1.92306,1.90805,1.91576
2025-04-22T21:00:00.000000Z,161079,1.91485,1.91485,1.89262,1.90334,1.91485,1.91485,1.89262,1.90334,1.91576,1.91756,1.89353,1.90425
2025-04-23T21:00:00.000000Z,101081,1.9014,1.9092,1.89685,1.89885,1.9014,1.9092,1.89685,1.89885,1.9059,1.90979,1.8974,1.89976
2025-04-24T21:00:00.000000Z,90559,1.89895,1.9083,1.89078,1.90501,1.89895,1.9083,1.89078,1.90501,1.89988,1.90888,1.89148,1.90644
2025-04-27T21:00:00.000000Z,95546,1.90475,1.91395,1.90079,1.90994,1.90475,1.91395,1.90079,1.90994,1.90897,1.9145,1.90346,1.91105
2025-04-28T21:00:00.000000Z,96393,1.90815,1.9241,1.90665,1.91961,1.90815,1.9241,1.90665,1.91961,1.91226,1.92469,1.90716,1.921
2025-04-29T21:00:00.000000Z,110695,1.91925,1.92617,1.90574,1.90905,1.91925,1.92617,1.90574,1.90905,1.92036,1.92676,1.90625,1.90966
2025-04-30T21:00:00.000000Z,89478,1.90885,1.91365,1.90051,1.91113,1.90885,1.91365,1.90051,1.91113,1.90956,1.91493,1.90119,1.91236
2025-05-01T21:00:00.000000Z,120093,1.90905,1.91446,1.89885,1.90012,1.90905,1.91446,1.89885,1.90012,1.91355,1.91496,1.89948,1.90163
2025-05-04T21:00:00.000000Z,84705,1.89958,1.90435,1.89244,1.89595,1.89958,1.90435,1.89244,1.89595,1.90406,1.90506,1.89297,1.89676
2025-05-05T21:00:00.000000Z,97066,1.89595,1.89826,1.88813,1.89209,1.89595,1.89826,1.88813,1.89209,1.89666,1.89905,1.88873,1.89336
2025-05-06T21:00:00.000000Z,123519,1.89215,1.90573,1.88225,1.90205,1.89215,1.90573,1.88225,1.90205,1.89326,1.90633,1.88301,1.90372
2025-05-07T21:00:00.000000Z,113360,1.8999,1.90837,1.89575,1.90095,1.8999,1.90837,1.89575,1.90095,1.9044,1.90906,1.89632,1.90196
2025-05-08T21:00:00.000000Z,102667,1.89975,1.91052,1.89848,1.90261,1.89975,1.91052,1.89848,1.90261,1.90266,1.91096,1.90116,1.9042
2025-05-11T21:00:00.000000Z,164542,1.88847,1.90005,1.88553,1.89354,1.88847,1.90005,1.88553,1.89354,1.89297,1.90076,1.88636,1.89451
2025-05-12T21:00:00.000000Z,122567,1.8925,1.89845,1.88016,1.88335,1.8925,1.89845,1.88016,1.88335,1.897,1.89918,1.88166,1.88416
2025-05-13T21:00:00.000000Z,135109,1.88215,1.8953,1.88065,1.89401,1.88215,1.8953,1.88065,1.89401,1.88665,1.89614,1.88134,1.89516
2025-05-14T21:00:00.000000Z,114297,1.89421,1.90855,1.88899,1.90265,1.89421,1.90855,1.88899,1.90265,1.89536,1.91053,1.89338,1.90392
2025-05-15T21:00:00.000000Z,113049,1.9025,1.90994,1.89419,1.89753,1.9025,1.90994,1.89419,1.89753,1.907,1.91066,1.89482,1.89928
2025-05-18T21:00:00.000000Z,126629,1.89625,1.90945,1.89477,1.89485,1.89625,1.90945,1.89477,1.89485,1.90075,1.91022,1.89572,1.89616
2025-05-19T21:00:00.000000Z,119422,1.89375,1.90705,1.89265,1.90388,1.89375,1.90705,1.89265,1.90388,1.89746,1.90768,1.89344,1.90475
2025-05-20T21:00:00.000000Z,141565,1.9029,1.91288,1.90054,1.90795,1.9029,1.91288,1.90054,1.90795,1.9074,1.91346,1.90106,1.90856
2025-05-21T21:00:00.000000Z,144080,1.90775,1.91539,1.90333,1.91184,1.90775,1.91539,1.90333,1.91184,1.90866,1.91628,1.90764,1.91295
2025-05-22T21:00:00.000000Z,123539,1.91,1.91455,1.89655,1.89774,1.91,1.91455,1.89655,1.89774,1.9145,1.91596,1.89726,1.89919
2025-05-25T21:00:00.000000Z,79176,1.89701,1.90078,1.89051,1.89733,1.89701,1.90078,1.89051,1.89733,1.90019,1.90249,1.89124,1.89859
2025-05-26T21:00:00.000000Z,99198,1.8954,1.9088,1.89525,1.90441,1.8954,1.9088,1.89525,1.90441,1.8999,1.90959,1.89829,1.90539
2025-05-27T21:00:00.000000Z,122047,1.9024,1.91001,1.89141,1.89201,1.9024,1.91001,1.89141,1.89201,1.9069,1.91119,1.89219,1.89329
2025-05-28T21:00:00.000000Z,146797,1.89121,1.90511,1.88355,1.90411,1.89121,1.90511,1.88355,1.90411,1.89459,1.90589,1.88444,1.90523
2025-05-29T21:00:00.000000Z,121033,1.90411,1.90547,1.89686,1.90169,1.90411,1.90547,1.89686,1.90169,1.90527,1.9082,1.89767,1.90315
2025-06-01T21:00:00.000000Z,110527,1.90114,1.9018,1.89221,1.89551,1.90114,1.9018,1.89221,1.89551,1.90564,1.9063,1.89305,1.89639
2025-06-02T21:00:00.000000Z,109848,1.89471,1.90661,1.88932,1.89531,1.89471,1.90661,1.88932,1.89531,1.89859,1.90723,1.89008,1.89629
2025-06-03T21:00:00.000000Z,101066,1.89365,1.89775,1.89086,1.89437,1.89365,1.89775,1.89086,1.89437,1.89815,1.90013,1.89159,1.89549
2025-06-04T21:00:00.000000Z,114992,1.89261,1.89591,1.88561,1.89581,1.89261,1.89591,1.88561,1.89581,1.89579,1.89715,1.88629,1.89659
2025-06-05T21:00:00.000000Z,104265,1.89411,1.89731,1.88828,1.89321,1.89411,1.89731,1.88828,1.89321,1.89789,1.89849,1.89019,1.89471
2025-06-08T21:00:00.000000Z,86688,1.89301,1.89501,1.88437,1.88811,1.89301,1.89501,1.88437,1.88811,1.89455,1.8961,1.88513,1.88899
2025-06-09T21:00:00.000000Z,113168,1.8864,1.89101,1.88244,1.88771,1.8864,1.89101,1.88244,1.88771,1.8909,1.89169,1.88319,1.88869
2025-06-10T21:00:00.000000Z,116376,1.88545,1.90611,1.88515,1.90551,1.88545,1.90611,1.88515,1.90551,1.88995,1.90689,1.88632,1.90659
2025-06-11T21:00:00.000000Z,135256,1.90331,1.91883,1.90318,1.90861,1.90331,1.91883,1.90318,1.90861,1.90609,1.91959,1.90529,1.90949
2025-06-12T21:00:00.000000Z,162593,1.90761,1.9233,1.9067,1.91909,1.90761,1.9233,1.9067,1.91909,1.91059,1.92419,1.90979,1.92087
2025-06-15T21:00:00.000000Z,141392,1.9164,1.92061,1.90445,1.90751,1.9164,1.92061,1.90445,1.90751,1.9209,1.92414,1.90515,1.90855
2025-06-16T21:00:00.000000Z,135333,1.9064,1.91031,1.90238,1.90861,1.9064,1.91031,1.90238,1.90861,1.9109,1.91239,1.90305,1.90939
2025-06-17T21:00:00.000000Z,142855,1.90871,1.91051,1.90113,1.90441,1.90871,1.91051,1.90113,1.90441,1.90949,1.91215,1.90399,1.90549
2025-06-18T21:00:00.000000Z,108201,1.90401,1.92361,1.90193,1.91831,1.90401,1.92361,1.90193,1.91831,1.90549,1.92424,1.90344,1.91929
2025-06-19T21:00:00.000000Z,119584,1.91831,1.93241,1.91567,1.92989,1.91831,1.93241,1.91567,1.92989,1.91915,1.93345,1.91762,1.93159
2025-06-22T21:00:00.000000Z,159860,1.92421,1.94848,1.92389,1.93681,1.92421,1.94848,1.92389,1.93681,1.92749,1.94917,1.92736,1.93769
2025-06-23T21:00:00.000000Z,137257,1.9358,1.93781,1.92164,1.93243,1.9358,1.93781,1.92164,1.93243,1.9403,1.94079,1.92235,1.93299
2025-06-24T21:00:00.000000Z,88403,1.93081,1.93321,1.92374,1.93077,1.93081,1.93321,1.92374,1.93077,1.93489,1.93535,1.9244,1.93139
2025-06-25T21:00:00.000000Z,104512,1.9284,1.93512,1.9284,1.93151,1.9284,1.93512,1.9284,1.93151,1.9329,1.93575,1.92933,1.93213
2025-06-26T21:00:00.000000Z,80849,1.93,1.93731,1.92592,1.93455,1.93,1.93731,1.92592,1.93455,1.9345,1.93786,1.92651,1.93544
2025-06-29T21:00:00.000000Z,84676,1.9359,1.9361,1.92705,1.93317,1.9359,1.9361,1.92705,1.93317,1.9404,1.9406,1.92759,1.93384
2025-06-30T21:00:00.000000Z,113234,1.93185,1.93826,1.92719,1.93601,1.93185,1.93826,1.92719,1.93601,1.93635,1.93895,1.92779,1.93669
2025-07-01T21:00:00.000000Z,89034,1.93583,1.94281,1.93235,1.93761,1.93583,1.94281,1.93235,1.93761,1.93659,1.94347,1.933,1.9382
2025-07-02T21:00:00.000000Z,93561,1.93521,1.94491,1.9339,1.93671,1.93521,1.94491,1.9339,1.93671,1.93839,1.94688,1.93645,1.93725
2025-07-03T21:00:00.000000Z,97631,1.93515,1.94642,1.93452,1.9415,1.93515,1.94642,1.93452,1.9415,1.93965,1.94835,1.9352,1.946
2025-07-06T21:00:00.000000Z,94265,1.94205,1.95856,1.94085,1.95331,1.94205,1.95856,1.94085,1.95331,1.94655,1.95909,1.94492,1.95377
2025-07-07T21:00:00.000000Z,97671,1.95035,1.95554,1.94632,1.95471,1.95035,1.95554,1.94632,1.95471,1.95485,1.95619,1.94743,1.95539
2025-07-08T21:00:00.000000Z,88376,1.9526,1.95821,1.94878,1.95389,1.9526,1.95821,1.94878,1.95389,1.9571,1.95879,1.94943,1.95459
2025-07-09T21:00:00.000000Z,67099,1.95121,1.9569,1.93787,1.93859,1.95121,1.9569,1.93787,1.93859,1.95529,1.95756,1.93846,1.93909
2025-07-10T21:00:00.000000Z,80242,1.93721,1.94809,1.93526,1.94576,1.93721,1.94809,1.93526,1.94576,1.94029,1.94866,1.93582,1.94658
2025-07-13T21:00:00.000000Z,54778,1.94235,1.95561,1.93909,1.95286,1.94235,1.95561,1.93909,1.95286,1.94685,1.95617,1.94344,1.95349
2025-07-14T21:00:00.000000Z,68773,1.95105,1.95404,1.94361,1.95141,1.95105,1.95404,1.94361,1.95141,1.95555,1.95575,1.94575,1.95204
2025-07-15T21:00:00.000000Z,90090,1.94881,1.96353,1.94576,1.95701,1.94881,1.96353,1.94576,1.95701,1.95219,1.96479,1.94641,1.95863
2025-07-16T21:00:00.000000Z,59789,1.95693,1.96471,1.95226,1.95491,1.95693,1.96471,1.95226,1.95491,1.95867,1.96527,1.95499,1.95599
2025-07-17T21:00:00.000000Z,45749,1.953,1.95622,1.94686,1.94981,1.953,1.95622,1.94686,1.94981,1.9575,1.9575,1.94747,1.95139
2025-07-20T21:00:00.000000Z,43847,1.9454,1.95971,1.94517,1.95911,1.9454,1.95971,1.94517,1.95911,1.9499,1.96051,1.94931,1.96051
2025-07-21T21:00:00.000000Z,82610,1.9563,1.96761,1.9554,1.95821,1.9563,1.96761,1.9554,1.95821,1.9608,1.9682,1.95589,1.95881
2025-07-22T21:00:00.000000Z,241380,1.95821,1.95951,1.9394,1.94716,1.95821,1.95951,1.9394,1.94716,1.95871,1.96291,1.93991,1.94792
2025-07-23T21:00:00.000000Z,171189,1.94511,1.95011,1.94028,1.94834,1.94511,1.95011,1.94028,1.94834,1.94859,1.95068,1.94115,1.94933
2025-07-24T21:00:00.000000Z,142483,1.9442,1.95521,1.94306,1.95085,1.9442,1.95521,1.94306,1.95085,1.9487,1.95575,1.94712,1.95209
2025-07-27T21:00:00.000000Z,163315,1.9526,1.95581,1.94049,1.94068,1.9526,1.95581,1.94049,1.94068,1.9571,1.95815,1.94123,1.94167
2025-07-28T21:00:00.000000Z,164938,1.93885,1.94375,1.93547,1.93871,1.93885,1.94375,1.93547,1.93871,1.94335,1.94431,1.93603,1.93939
2025-07-29T21:00:00.000000Z,168387,1.93751,1.94083,1.93295,1.93471,1.93751,1.94083,1.93295,1.93471,1.94059,1.94217,1.93409,1.93569
2025-07-30T21:00:00.000000Z,56822,1.93221,1.94074,1.92805,1.93791,1.93221,1.94074,1.92805,1.93791,1.93639,1.94132,1.92867,1.93879
2025-07-31T21:00:00.000000Z,83993,1.93505,1.95973,1.9348,1.95646,1.93505,1.95973,1.9348,1.95646,1.93955,1.96096,1.93814,1.96096
2025-08-03T21:00:00.000000Z,49598,1.95909,1.96049,1.95315,1.95891,1.95909,1.96049,1.95315,1.95891,1.96359,1.96481,1.95372,1.95959
2025-08-04T21:00:00.000000Z,51139,1.95645,1.96403,1.95406,1.96111,1.95645,1.96403,1.95406,1.96111,1.96095,1.96461,1.95616,1.96189
2025-08-05T21:00:00.000000Z,44993,1.9583,1.96651,1.95365,1.96641,1.9583,1.96651,1.95365,1.96641,1.9628,1.96829,1.95433,1.96709
2025-08-06T21:00:00.000000Z,52958,1.96391,1.96771,1.9541,1.95621,1.96391,1.96771,1.9541,1.95621,1.96829,1.96831,1.95467,1.95719
2025-08-07T21:00:00.000000Z,40737,1.95661,1.95922,1.95216,1.95319,1.95661,1.95922,1.95216,1.95319,1.95749,1.96272,1.95274,1.95769
2025-08-10T21:00:00.000000Z,34023,1.9521,1.96216,1.95091,1.95591,1.9521,1.96216,1.95091,1.95591,1.9566,1.96273,1.95523,1.95659
2025-08-11T21:00:00.000000Z,52321,1.95361,1.96445,1.95351,1.96021,1.95361,1.96445,1.95351,1.96021,1.95809,1.9651,1.95472,1.96089
2025-08-12T21:00:00.000000Z,31804,1.95805,1.96399,1.95591,1.95861,1.95805,1.96399,1.95591,1.95861,1.96255,1.9646,1.9565,1.95949
2025-08-13T21:00:00.000000Z,44097,1.95681,1.96922,1.95488,1.96801,1.95681,1.96922,1.95488,1.96801,1.96069,1.96988,1.95549,1.96869
2025-08-14T21:00:00.000000Z,29965,1.96691,1.97586,1.96506,1.97536,1.96691,1.97586,1.96506,1.97536,1.97109,1.97708,1.96715,1.97674
2025-08-17T21:00:00.000000Z,33810,1.97635,1.97688,1.96582,1.96881,1.97635,1.97688,1.96582,1.96881,1.97951,1.98034,1.96643,1.96959
2025-08-18T21:00:00.000000Z,33688,1.96675,1.97661,1.96528,1.97601,1.96675,1.97661,1.96528,1.97601,1.97125,1.97743,1.96589,1.97679
2025-08-19T21:00:00.000000Z,52699,1.97248,2.0032,1.97248,2.00051,1.97248,2.0032,1.97248,2.00051,1.97698,2.00382,1.97369,2.00133
2025-08-20T21:00:00.000000Z,43155,2.00054,2.00303,1.99348,1.99441,2.00054,2.00303,1.99348,1.99441,2.00504,2.00516,1.99405,1.99519
2025-08-21T21:00:00.000000Z,50002,1.99288,1.99947,1.99281,1.99677,1.99288,1.99947,1.99281,1.99677,1.99738,2.00004,1.99362,1.99815
2025-08-24T21:00:00.000000Z,27311,1.99519,1.99851,1.98439,1.98621,1.99519,1.99851,1.98439,1.98621,1.99969,2.00019,1.98502,1.98715
2025-08-25T21:00:00.000000Z,42837,1.98621,1.99435,1.98016,1.98591,1.98621,1.99435,1.98016,1.98591,1.98722,1.99499,1.98466,1.98679
2025-08-26T21:00:00.000000Z,39609,1.98611,1.99037,1.98368,1.98661,1.98611,1.99037,1.98368,1.98661,1.98699,1.99349,1.98441,1.98715
2025-08-27T21:00:00.000000Z,31465,1.98651,1.98912,1.98316,1.98491,1.98651,1.98912,1.98316,1.98491,1.98706,1.99183,1.98373,1.98579
2025-08-28T21:00:00.000000Z,35433,1.98539,1.98557,1.97801,1.98127,1.98539,1.98557,1.97801,1.98127,1.98701,1.98706,1.97867,1.98265
2025-08-31T21:00:00.000000Z,19994,1.98296,1.9894,1.97921,1.98361,1.98296,1.9894,1.97921,1.98361,1.98746,1.99,1.9798,1.98439
2025-09-01T21:00:00.000000Z,42976,1.9813,1.99229,1.9813,1.98441,1.9813,1.99229,1.9813,1.98441,1.9858,1.9929,1.98259,1.98539
2025-09-02T21:00:00.000000Z,41626,1.98306,1.98898,1.98284,1.98361,1.98306,1.98898,1.98284,1.98361,1.98756,1.98957,1.98381,1.98421
2025-09-03T21:00:00.000000Z,41104,1.98312,1.99543,1.98065,1.99251,1.98312,1.99543,1.98065,1.99251,1.98629,1.99599,1.9814,1.99337
2025-09-04T21:00:00.000000Z,44554,1.99135,1.99287,1.98406,1.98737,1.99135,1.99287,1.98406,1.98737,1.99459,1.99502,1.98465,1.98875
2025-09-07T21:00:00.000000Z,33290,1.98591,1.98993,1.97478,1.97991,1.98591,1.98993,1.97478,1.97991,1.9892,1.99268,1.97529,1.98069
2025-09-08T21:00:00.000000Z,44863,1.97923,1.98179,1.97265,1.97581,1.97923,1.98179,1.97265,1.97581,1.98251,1.98264,1.97319,1.97679
2025-09-09T21:00:00.000000Z,52975,1.97408,1.97631,1.96595,1.96871,1.97408,1.97631,1.96595,1.96871,1.97615,1.97762,1.96655,1.96936
2025-09-10T21:00:00.000000Z,60213,1.96647,1.97413,1.96271,1.96311,1.96647,1.97413,1.96271,1.96311,1.97097,1.97472,1.96339,1.96389
2025-09-11T21:00:00.000000Z,46058,1.96377,1.97061,1.96211,1.96967,1.96377,1.97061,1.96211,1.96967,1.96564,1.97116,1.96273,1.97105
2025-09-14T21:00:00.000000Z,45842,1.96927,1.97368,1.96621,1.96951,1.96927,1.97368,1.96621,1.96951,1.97065,1.97425,1.96706,1.97043
2025-09-15T21:00:00.000000Z,61396,1.96961,1.98303,1.96877,1.98141,1.96961,1.98303,1.96877,1.98141,1.97039,1.98362,1.97039,1.98219
2025-09-16T21:00:00.000000Z,84202,1.98156,1.98714,1.97759,1.98111,1.98156,1.98714,1.97759,1.98111,1.98606,1.98784,1.97818,1.98187
2025-09-17T21:00:00.000000Z,81127,1.9789,2.00732,1.9789,2.00311,1.9789,2.00732,1.9789,2.00311,1.9834,2.00791,1.98115,2.00389
2025-09-18T21:00:00.000000Z,58800,2.00321,2.00938,1.99975,2.00488,2.00321,2.00938,1.99975,2.00488,2.00409,2.01,2.00039,2.00641
2025-09-21T21:00:00.000000Z,46112,2.00488,2.01116,1.99963,2.01091,2.00488,2.01116,1.99963,2.01091,2.00641,2.01199,2.00166,2.01179
2025-09-22T21:00:00.000000Z,46948,2.00958,2.01763,2.00932,2.01641,2.00958,2.01763,2.00932,2.01641,2.01408,2.01837,2.0103,2.01719
2025-09-23T21:00:00.000000Z,51811,2.01571,2.02021,2.0113,2.01901,2.01571,2.02021,2.0113,2.01901,2.02021,2.02074,2.01197,2.01975
2025-09-24T21:00:00.000000Z,57460,2.01901,2.02467,2.01415,2.02251,2.01901,2.02467,2.01415,2.02251,2.01975,2.0253,2.01475,2.02319
2025-09-25T21:00:00.000000Z,64289,2.01871,2.0282,2.0182,2.02579,2.01871,2.0282,2.0182,2.02579,2.02275,2.0288,2.02202,2.02717
2025-09-28T21:00:00.000000Z,45985,2.02566,2.03093,2.02105,2.02971,2.02566,2.03093,2.02105,2.02971,2.02758,2.0315,2.02272,2.03069
2025-09-29T21:00:00.000000Z,53949,2.02639,2.02999,2.0205,2.02481,2.02639,2.02999,2.0205,2.02481,2.03089,2.03192,2.02106,2.02599
2025-09-30T21:00:00.000000Z,66958,2.02175,2.02816,2.01566,2.01661,2.02175,2.02816,2.01566,2.01661,2.02625,2.02877,2.01628,2.01731
2025-10-01T21:00:00.000000Z,50173,2.01641,2.01796,2.01033,2.01381,2.01641,2.01796,2.01033,2.01381,2.01721,2.02188,2.01089,2.01459
2025-10-02T21:00:00.000000Z,41508,2.01371,2.01593,2.01055,2.01293,2.01371,2.01593,2.01055,2.01293,2.01449,2.01771,2.01129,2.01431
2025-10-05T21:00:00.000000Z,56982,2.01445,2.01491,2.00001,2.00441,2.01445,2.01491,2.00001,2.00441,2.01761,2.01813,2.00069,2.00549
2025-10-06T21:00:00.000000Z,50816,2.0023,2.01142,2.0023,2.01011,2.0023,2.01142,2.0023,2.01011,2.0068,2.01209,2.00441,2.011
2025-10-07T21:00:00.000000Z,61030,2.00824,2.02641,2.00806,2.00911,2.00824,2.02641,2.00806,2.00911,2.01179,2.02763,2.00869,2.01011
2025-10-08T21:00:00.000000Z,46064,2.00781,2.01466,2.00505,2.01241,2.00781,2.01466,2.00505,2.01241,2.01183,2.01532,2.00567,2.01359
2025-10-09T21:00:00.000000Z,57894,2.00858,2.03209,2.00829,2.03023,2.00858,2.03209,2.00829,2.03023,2.01308,2.03347,2.01,2.032
2025-10-12T21:00:00.000000Z,37492,2.02015,2.02812,2.01761,2.02051,2.02015,2.02812,2.01761,2.02051,2.02465,2.03186,2.01819,2.02139
2025-10-13T21:00:00.000000Z,50615,2.01841,2.0348,2.01841,2.03091,2.01841,2.0348,2.01841,2.03091,2.02277,2.03543,2.01935,2.03159
2025-10-14T21:00:00.000000Z,42662,2.02844,2.03859,2.02815,2.03451,2.02844,2.03859,2.02815,2.03451,2.03279,2.03918,2.02925,2.03545
2025-10-15T21:00:00.000000Z,42340,2.03261,2.0433,2.02792,2.04141,2.03261,2.0433,2.02792,2.04141,2.03711,2.04394,2.02859,2.04237
2025-10-16T21:00:00.000000Z,62129,2.04035,2.04836,2.0329,2.0343,2.04035,2.04836,2.0329,2.0343,2.0434,2.04903,2.03359,2.03669
2025-10-19T21:00:00.000000Z,49586,2.03448,2.03793,2.02528,2.02641,2.03448,2.03793,2.02528,2.02641,2.03898,2.03994,2.0259,2.02739
2025-10-20T21:00:00.000000Z,63010,2.02598,2.03505,2.01898,2.01981,2.02598,2.03505,2.01898,2.01981,2.03048,2.03571,2.01958,2.02079
2025-10-21T21:00:00.000000Z,72521,2.02038,2.02532,2.01501,2.02311,2.02038,2.02532,2.01501,2.02311,2.02302,2.02588,2.0156,2.0236
2025-10-22T21:00:00.000000Z,52315,2.02147,2.02492,2.01629,2.01951,2.02147,2.02492,2.01629,2.01951,2.02498,2.02562,2.01688,2.02039
2025-10-23T21:00:00.000000Z,55958,2.01801,2.02577,2.01386,2.02127,2.01801,2.02577,2.01386,2.02127,2.02138,2.02639,2.01704,2.02356
2025-10-26T21:00:00.000000Z,43168,2.01169,2.02159,2.01169,2.01811,2.01169,2.02159,2.01169,2.01811,2.01604,2.02215,2.01503,2.01899
2025-10-27T21:00:00.000000Z,55053,2.01807,2.02257,2.01447,2.01511,2.01807,2.02257,2.01447,2.01511,2.01945,2.02318,2.01504,2.01609
2025-10-28T21:00:00.000000Z,106331,2.01479,2.01739,2.00721,2.01261,2.01479,2.01739,2.00721,2.01261,2.01617,2.01811,2.0078,2.01348
2025-10-29T21:00:00.000000Z,67183,2.01256,2.0194,2.00867,2.01381,2.01256,2.0194,2.00867,2.01381,2.01359,2.02004,2.00931,2.01469
2025-10-30T21:00:00.000000Z,50549,2.01367,2.02304,2.01131,2.01431,2.01367,2.02304,2.01131,2.01431,2.01505,2.02371,2.01192,2.01597
2025-11-02T22:00:00.000000Z,48044,2.01441,2.0218,2.0119,2.01801,2.01441,2.0218,2.0119,2.01801,2.01756,2.02239,2.01249,2.01889
2025-11-03T22:00:00.000000Z,55034,2.0167,2.03714,2.01602,2.03431,2.0167,2.03714,2.01602,2.03431,2.0212,2.03788,2.01822,2.03529
2025-11-04T22:00:00.000000Z,55910,2.02888,2.03999,2.0268,2.02941,2.02888,2.03999,2.0268,2.02941,2.03338,2.04068,2.02741,2.03029
2025-11-05T22:00:00.000000Z,52200,2.02861,2.05049,2.02731,2.04842,2.02861,2.05049,2.02731,2.04842,2.03311,2.05107,2.0289,2.0498
2025-11-06T22:00:00.000000Z,50168,2.04627,2.06381,2.0462,2.05427,2.04627,2.06381,2.0462,2.05427,2.05012,2.06445,2.04776,2.057
2025-11-09T22:00:00.000000Z,46275,2.05123,2.05498,2.04644,2.04691,2.05123,2.05498,2.04644,2.04691,2.05573,2.05653,2.04716,2.04779
2025-11-10T22:00:00.000000Z,38174,2.04429,2.05185,2.04421,2.04821,2.04429,2.05185,2.04421,2.04821,2.04781,2.05253,2.04608,2.04899
2025-11-11T22:00:00.000000Z,47234,2.04784,2.04955,2.04266,2.04581,2.04784,2.04955,2.04266,2.04581,2.05129,2.05129,2.04326,2.04658
2025-11-12T22:00:00.000000Z,47906,2.04325,2.05959,2.04215,2.05711,2.04325,2.05959,2.04215,2.05711,2.04775,2.06019,2.04513,2.05847
2025-11-13T22:00:00.000000Z,45555,2.05456,2.05932,2.04054,2.04486,2.05456,2.05932,2.04054,2.04486,2.05906,2.06042,2.04112,2.04696
2025-11-16T22:00:00.000000Z,40910,2.04366,2.05086,2.04098,2.04861,2.04366,2.05086,2.04098,2.04861,2.04816,2.05145,2.04153,2.04965
2025-11-17T22:00:00.000000Z,54651,2.04704,2.05594,2.04268,2.04651,2.04704,2.05594,2.04268,2.04651,2.04951,2.05657,2.04334,2.04749
2025-11-18T22:00:00.000000Z,66970,2.04471,2.0619,2.04452,2.05891,2.04471,2.0619,2.04452,2.05891,2.04747,2.06258,2.04576,2.05968
2025-11-19T22:00:00.000000Z,67909,2.05781,2.06465,2.04707,2.06451,2.05781,2.06465,2.04707,2.06451,2.06049,2.06545,2.04776,2.06539
2025-11-20T22:00:00.000000Z,69628,2.06018,2.06544,2.04987,2.04997,2.06018,2.06544,2.04987,2.04997,2.06468,2.0675,2.05049,2.05236
2025-11-23T22:00:00.000000Z,48101,2.05092,2.05968,2.04971,2.05311,2.05092,2.05968,2.04971,2.05311,2.05542,2.0603,2.05052,2.05402
2025-11-24T22:00:00.000000Z,58152,2.05182,2.06774,2.05022,2.05831,2.05182,2.06774,2.05022,2.05831,2.05469,2.06834,2.05087,2.05919
2025-11-25T22:00:00.000000Z,81308,2.0581,2.05916,2.03304,2.03461,2.0581,2.05916,2.03304,2.03461,2.06049,2.06109,2.03389,2.03552
2025-11-26T22:00:00.000000Z,23666,2.03221,2.03475,2.02354,2.02361,2.03221,2.03475,2.02354,2.02361,2.03543,2.03816,2.02414,2.02466
2025-11-27T22:00:00.000000Z,231554,2.0229,2.02787,2.01976,2.02031,2.0229,2.02787,2.01976,2.02031,2.0274,2.03015,2.02062,2.02379
2025-11-30T22:00:00.000000Z,66128,2.0232,2.02889,2.02071,2.02611,2.0232,2.02889,2.02071,2.02611,2.02569,2.02947,2.02165,2.02699
2025-12-01T22:00:00.000000Z,47712,2.02627,2.0315,2.02028,2.02571,2.02627,2.0315,2.02028,2.02571,2.02949,2.03214,2.02088,2.02669
2025-12-02T22:00:00.000000Z,58084,2.02554,2.03373,2.01914,2.02101,2.02554,2.03373,2.01914,2.02101,2.02766,2.03439,2.01986,2.02196
2025-12-03T22:00:00.000000Z,64075,2.02167,2.02433,2.01834,2.02021,2.02167,2.02433,2.01834,2.02021,2.02305,2.02581,2.019,2.02149
2025-12-04T22:00:00.000000Z,69448,2.01916,2.02175,2.01355,2.01511,2.01916,2.02175,2.01355,2.01511,2.02171,2.02262,2.01427,2.01628
2025-12-07T22:00:00.000000Z,70471,2.01197,2.01867,2.01131,2.01461,2.01197,2.01867,2.01131,2.01461,2.01647,2.0209,2.01205,2.01539
2025-12-08T22:00:00.000000Z,63722,2.01195,2.01737,2.00715,2.01071,2.01195,2.01737,2.00715,2.01071,2.01645,2.01809,2.00777,2.01159
2025-12-09T22:00:00.000000Z,103886,2.0095,2.01724,2.00846,2.01071,2.0095,2.01724,2.00846,2.01071,2.014,2.01817,2.00926,2.01157
2025-12-10T22:00:00.000000Z,81490,2.00956,2.02191,2.00913,2.02031,2.00956,2.02191,2.00913,2.02031,2.01202,2.02256,2.01102,2.02129
2025-12-11T22:00:00.000000Z,68954,2.02022,2.0269,2.0157,2.02156,2.02022,2.0269,2.0157,2.02156,2.02198,2.02758,2.01634,2.02339
2025-12-14T22:00:00.000000Z,72937,2.02033,2.03465,2.01946,2.03221,2.02033,2.03465,2.01946,2.03221,2.02483,2.0354,2.02088,2.03289
2025-12-15T22:00:00.000000Z,69506,2.03121,2.03986,2.02889,2.03101,2.03121,2.03986,2.02889,2.03101,2.03539,2.04059,2.02951,2.03179
2025-12-16T22:00:00.000000Z,76568,2.02929,2.03454,2.02703,2.03311,2.02929,2.03454,2.02703,2.03311,2.03379,2.03519,2.02771,2.03399
2025-12-17T22:00:00.000000Z,71413,2.0324,2.03946,2.02779,2.02951,2.0324,2.03946,2.02779,2.02951,2.03429,2.04022,2.02939,2.03039
2025-12-18T22:00:00.000000Z,67519,2.02904,2.04121,2.0275,2.03343,2.02904,2.04121,2.0275,2.03343,2.03208,2.0419,2.02824,2.03499
2025-12-21T22:00:00.000000Z,71778,2.037,2.03726,2.02634,2.02961,2.037,2.03726,2.02634,2.02961,2.0415,2.0415,2.02705,2.03026
2025-12-22T22:00:00.000000Z,56157,2.02844,2.03027,2.01766,2.01861,2.02844,2.03027,2.01766,2.01861,2.03219,2.03232,2.01837,2.01959
2025-12-23T22:00:00.000000Z,41317,2.01842,2.02102,2.0155,2.01741,2.01842,2.02102,2.0155,2.01741,2.02132,2.02174,2.01612,2.01934
2025-12-25T22:00:00.000000Z,43388,2.0152,2.02411,2.0147,2.01673,2.0152,2.02411,2.0147,2.01673,2.0197,2.02485,2.01813,2.02123
2025-12-28T22:00:00.000000Z,78859,2.01745,2.03201,2.01676,2.02841,2.01745,2.03201,2.01676,2.02841,2.02195,2.03272,2.01878,2.02917
2025-12-29T22:00:00.000000Z,83610,2.02734,2.02997,2.02323,2.02791,2.02734,2.02997,2.02323,2.02791,2.03184,2.03239,2.02398,2.0286
2025-12-30T22:00:00.000000Z,21450,2.02749,2.04378,2.0273,2.04011,2.02749,2.04378,2.0273,2.04011,2.02915,2.04445,2.02859,2.04119
2026-01-01T22:00:00.000000Z,40539,2.03821,2.04293,2.02955,2.03032,2.03821,2.04293,2.02955,2.03032,2.04199,2.04366,2.03016,2.0323
2026-01-04T22:00:00.000000Z,63979,2.03129,2.03586,2.02169,2.02441,2.03129,2.03586,2.02169,2.02441,2.03579,2.04036,2.02233,2.02529
2026-01-05T22:00:00.000000Z,58952,2.02452,2.02635,2.01917,2.02041,2.02452,2.02635,2.01917,2.02041,2.02636,2.02704,2.01981,2.02129
2026-01-06T22:00:00.000000Z,58198,2.01962,2.02363,2.01489,2.02241,2.01962,2.02363,2.01489,2.02241,2.02209,2.02456,2.0179,2.02323
2026-01-07T22:00:00.000000Z,62291,2.02007,2.03282,2.01995,2.02651,2.02007,2.03282,2.01995,2.02651,2.02457,2.03344,2.02206,2.02779
2026-01-08T22:00:00.000000Z,71545,2.02525,2.03463,2.02518,2.02839,2.02525,2.03463,2.02518,2.02839,2.02869,2.03758,2.02724,2.03187
2026-01-11T22:00:00.000000Z,54028,2.02874,2.03161,2.02,2.02101,2.02874,2.03161,2.02,2.02101,2.03324,2.03324,2.0207,2.02189
2026-01-12T22:00:00.000000Z,76806,2.02061,2.03029,2.01698,2.02911,2.02061,2.03029,2.01698,2.02911,2.02215,2.0309,2.01768,2.03005
2026-01-13T22:00:00.000000Z,87103,2.02791,2.03062,2.02461,2.02561,2.02791,2.03062,2.02461,2.02561,2.0298,2.03129,2.02534,2.02679
2026-01-14T22:00:00.000000Z,63310,2.02392,2.03045,2.0193,2.02111,2.02392,2.03045,2.0193,2.02111,2.02736,2.03113,2.01997,2.02199
2026-01-15T22:00:00.000000Z,39954,2.01935,2.02164,2.01422,2.01551,2.01935,2.02164,2.01422,2.01551,2.02259,2.02349,2.01487,2.01721
2026-01-18T22:00:00.000000Z,59906,2.01528,2.01864,2.00641,2.00801,2.01528,2.01864,2.00641,2.00801,2.01726,2.01932,2.00709,2.00889
2026-01-19T22:00:00.000000Z,84258,2.00722,2.01407,1.99893,2.01011,2.00722,2.01407,1.99893,2.01011,2.00875,2.01489,1.99959,2.01099
2026-01-20T22:00:00.000000Z,79471,2.00971,2.01389,1.99855,1.99971,2.00971,2.01389,1.99855,1.99971,2.01261,2.0145,1.99935,2.00039
2026-01-21T22:00:00.000000Z,73516,1.99895,2.00109,1.98221,1.98279,1.99895,2.00109,1.98221,1.98279,2.00139,2.00189,1.983,1.98417
2026-01-22T22:00:00.000000Z,84161,1.9821,1.99101,1.98191,1.98741,1.9821,1.99101,1.98191,1.98741,1.98392,1.99169,1.98359,1.98923
2026-01-25T22:00:00.000000Z,99150,1.992,1.99334,1.98147,1.98851,1.992,1.99334,1.98147,1.98851,1.9965,1.99704,1.98212,1.98929
2026-01-26T22:00:00.000000Z,103478,1.98741,1.99771,1.98741,1.99171,1.98741,1.99771,1.98741,1.99171,1.98952,1.99868,1.98809,1.99259
2026-01-27T22:00:00.000000Z,125105,1.9916,1.99554,1.97121,1.97231,1.9916,1.99554,1.97121,1.97231,1.99319,1.99619,1.97219,1.97297
2026-01-28T22:00:00.000000Z,129359,1.97175,1.97871,1.96501,1.96901,1.97175,1.97871,1.96501,1.96901,1.9751,1.97939,1.9656,1.96979
2026-01-29T22:00:00.000000Z,129413,1.96874,1.97331,1.96003,1.9675,1.96874,1.97331,1.96003,1.9675,1.97219,1.97397,1.96071,1.96938
