time,volume,open,high,low,close,bid_open,bid_high,bid_low,bid_close,ask_open,ask_high,ask_low,ask_close
2024-01-01T22:00:00.000000Z,19182,3265.78,3279.711,3265.527,3277.676,3265.78,3279.711,3265.527,3277.676,3266.787,3280.649,3266.684,3278.745
2024-01-02T02:00:00.000000Z,25548,3277.644,3288.017,3273.871,3284.236,3277.644,3288.017,3273.871,3284.236,3278.729,3288.929,3274.896,3285.09
2024-01-02T06:00:00.000000Z,44937,3284.299,3293.49,3282.561,3290.81,3284.299,3293.49,3282.561,3290.81,3285.153,3294.533,3283.535,3291.769
2024-01-02T10:00:00.000000Z,56634,3290.93,3299.54,3288.205,3295.232,3290.93,3299.54,3288.205,3295.232,3291.837,3300.613,3289.091,3296.358
2024-01-02T14:00:00.000000Z,75506,3295.343,3301.347,3286.485,3295.294,3295.343,3301.347,3286.485,3295.294,3296.469,3302.155,3287.478,3296.325
2024-01-02T18:00:00.000000Z,26115,3295.326,3300.308,3292.147,3293.602,3295.326,3300.308,3292.147,3293.602,3296.483,3301.26,3292.812,3294.544
2024-01-02T22:00:00.000000Z,18410,3292.271,3299.547,3291.728,3296.592,3292.271,3299.547,3291.728,3296.592,3293.621,3300.506,3292.729,3297.538
2024-01-03T02:00:00.000000Z,25455,3296.672,3301.186,3290.501,3291.467,3296.672,3301.186,3290.501,3291.467,3297.634,3302.17,3291.321,3292.428
2024-01-03T06:00:00.000000Z,43681,3291.435,3296.869,3284.224,3287.876,3291.435,3296.869,3284.224,3287.876,3292.413,3297.81,3285.209,3288.863
2024-01-03T10:00:00.000000Z,54902,3287.892,3288.429,3270.489,3279.505,3287.892,3288.429,3270.489,3279.505,3288.927,3289.325,3271.422,3280.496
2024-01-03T14:00:00.000000Z,86009,3279.649,3279.904,3257.046,3261.43,3279.649,3279.904,3257.046,3261.43,3280.491,3280.815,3258.16,3262.162
2024-01-03T18:00:00.000000Z,50418,3261.41,3270.291,3257.36,3267.237,3261.41,3270.291,3257.36,3267.237,3262.372,3271.241,3258.321,3268.603
2024-01-03T22:00:00.000000Z,20123,3268.479,3274.294,3267.198,3271.544,3268.479,3274.294,3267.198,3271.544,3269.4,3275.225,3268.107,3272.401
2024-01-04T02:00:00.000000Z,30701,3271.476,3275.992,3259.134,3263.586,3271.476,3275.992,3259.134,3263.586,3272.401,3277.092,3260.153,3264.53
2024-01-04T06:00:00.000000Z,50581,3263.586,3271.993,3257.58,3270.465,3263.586,3271.993,3257.58,3270.465,3264.494,3272.797,3258.582,3271.233
2024-01-04T10:00:00.000000Z,50185,3270.45,3276.53,3269.425,3271.941,3270.45,3276.53,3269.425,3271.941,3271.185,3278.245,3270.309,3272.984
2024-01-04T14:00:00.000000Z,66933,3271.973,3284.169,3270.219,3281.575,3271.973,3284.169,3270.219,3281.575,3273.0,3285.181,3271.225,3282.538
2024-01-04T18:00:00.000000Z,27341,3281.522,3283.097,3276.552,3276.716,3281.522,3283.097,3276.552,3276.716,3282.538,3283.837,3277.836,3278.283
2024-01-04T22:00:00.000000Z,20798,3278.655,3282.755,3275.519,3279.506,3278.655,3282.755,3275.519,3279.506,3279.953,3283.798,3276.559,3280.416
2024-01-05T02:00:00.000000Z,26298,3279.453,3285.627,3278.455,3280.863,3279.453,3285.627,3278.455,3280.863,3280.416,3286.699,3279.429,3281.778
2024-01-05T06:00:00.000000Z,42847,3280.879,3284.659,3276.974,3278.162,3280.879,3284.659,3276.974,3278.162,3281.863,3285.614,3277.937,3279.279
2024-01-05T10:00:00.000000Z,55841,3278.178,3283.572,3269.584,3281.172,3278.178,3283.572,3269.584,3281.172,3279.359,3284.484,3270.573,3282.115
2024-01-05T14:00:00.000000Z,107993,3281.155,3289.709,3267.111,3268.602,3281.155,3289.709,3267.111,3268.602,3282.062,3290.618,3267.959,3269.523
2024-01-05T18:00:00.000000Z,39055,3268.655,3277.203,3268.497,3275.108,3268.655,3277.203,3268.497,3275.108,3269.68,3278.515,3269.517,3276.639
2024-01-07T22:00:00.000000Z,17064,3275.701,3276.48,3264.799,3267.881,3275.701,3276.48,3264.799,3267.881,3276.908,3278.148,3265.764,3268.89
2024-01-08T02:00:00.000000Z,28415,3267.881,3270.693,3252.199,3255.724,3267.881,3270.693,3252.199,3255.724,3268.942,3271.602,3253.325,3256.734
2024-01-08T06:00:00.000000Z,47804,3255.724,3263.177,3250.141,3254.982,3255.724,3263.177,3250.141,3254.982,3256.718,3264.16,3251.137,3255.835
2024-01-08T10:00:00.000000Z,50357,3254.89,3257.44,3241.025,3246.921,3254.89,3257.44,3241.025,3246.921,3255.731,3258.318,3242.071,3247.831
2024-01-08T14:00:00.000000Z,66996,3246.789,3260.758,3245.317,3246.625,3246.789,3260.758,3245.317,3246.625,3247.682,3261.766,3246.182,3247.582
2024-01-08T18:00:00.000000Z,23786,3246.625,3251.167,3241.379,3243.997,3246.625,3251.167,3241.379,3243.997,3247.634,3252.1,3242.147,3245.144
2024-01-08T22:00:00.000000Z,21406,3245.688,3253.933,3244.624,3246.712,3245.688,3253.933,3244.624,3246.712,3247.083,3254.849,3245.748,3247.588
2024-01-09T02:00:00.000000Z,26800,3246.68,3257.683,3245.213,3256.65,3246.68,3257.683,3245.213,3256.65,3247.64,3258.592,3246.104,3257.402
2024-01-09T06:00:00.000000Z,43541,3256.585,3262.322,3253.488,3257.294,3256.585,3262.322,3253.488,3257.294,3257.474,3263.359,3254.167,3258.307
2024-01-09T10:00:00.000000Z,46545,3257.346,3268.579,3256.545,3262.849,3257.346,3268.579,3256.545,3262.849,3258.307,3269.513,3257.454,3263.826
2024-01-09T14:00:00.000000Z,66002,3262.801,3266.474,3249.804,3251.6,3262.801,3266.474,3249.804,3251.6,3263.762,3267.472,3250.821,3252.565
2024-01-09T18:00:00.000000Z,33219,3251.564,3257.696,3249.468,3252.769,3251.564,3257.696,3249.468,3252.769,3252.582,3258.541,3250.436,3253.938
2024-01-09T22:00:00.000000Z,20636,3254.34,3257.656,3250.658,3255.324,3254.34,3257.656,3250.658,3255.324,3255.566,3258.694,3251.771,3256.285
2024-01-10T02:00:00.000000Z,28563,3255.24,3256.379,3244.23,3247.521,3255.24,3256.379,3244.23,3247.521,3256.237,3257.329,3245.234,3248.561
2024-01-10T06:00:00.000000Z,45149,3247.573,3262.403,3244.563,3258.609,3247.573,3262.403,3244.563,3258.609,3248.581,3263.308,3245.643,3259.569
2024-01-10T10:00:00.000000Z,43381,3258.577,3264.555,3257.499,3260.025,3258.577,3264.555,3257.499,3260.025,3259.537,3265.736,3258.356,3261.04
2024-01-10T14:00:00.000000Z,61027,3260.041,3264.365,3246.657,3249.608,3260.041,3264.365,3246.657,3249.608,3261.088,3265.179,3247.655,3250.481
2024-01-10T18:00:00.000000Z,30439,3249.555,3254.083,3244.192,3249.712,3249.555,3254.083,3244.192,3249.712,3250.533,3255.045,3245.049,3250.866
2024-01-10T22:00:00.000000Z,17008,3252.032,3255.283,3248.686,3252.232,3252.032,3255.283,3248.686,3252.232,3253.018,3256.654,3249.727,3253.157
2024-01-11T02:00:00.000000Z,25666,3252.164,3253.587,3248.351,3251.832,3252.164,3253.587,3248.351,3251.832,3253.14,3254.443,3249.259,3252.808
2024-01-11T06:00:00.000000Z,38596,3251.864,3255.888,3247.847,3251.341,3251.864,3255.888,3247.847,3251.341,3252.824,3256.977,3248.706,3252.285
2024-01-11T10:00:00.000000Z,62562,3251.341,3269.791,3249.184,3268.655,3251.341,3269.791,3249.184,3268.655,3252.321,3274.791,3250.056,3269.671
2024-01-11T14:00:00.000000Z,111605,3268.666,3270.656,3239.89,3241.733,3268.666,3270.656,3239.89,3241.733,3269.541,3271.678,3240.795,3242.651
2024-01-11T18:00:00.000000Z,44288,3241.733,3255.486,3239.056,3254.204,3241.733,3255.486,3239.056,3254.204,3242.719,3256.408,3239.981,3255.626
2024-01-11T22:00:00.000000Z,23592,3258.98,3263.976,3251.239,3252.503,3258.98,3263.976,3251.239,3252.503,3260.147,3265.344,3252.231,3253.427
2024-01-12T02:00:00.000000Z,28494,3252.503,3263.968,3251.011,3262.741,3252.503,3263.968,3251.011,3262.741,3253.443,3264.882,3251.895,3263.715
2024-01-12T06:00:00.000000Z,40807,3262.773,3269.445,3259.234,3264.244,3262.773,3269.445,3259.234,3264.244,3263.715,3270.386,3260.263,3265.125
2024-01-12T10:00:00.000000Z,63660,3264.308,3292.003,3264.078,3286.457,3264.308,3292.003,3264.078,3286.457,3265.189,3292.909,3265.045,3287.241
2024-01-12T14:00:00.000000Z,91039,3286.405,3290.013,3270.541,3273.365,3286.405,3290.013,3270.541,3273.365,3287.257,3290.927,3271.591,3274.423
2024-01-12T18:00:00.000000Z,30106,3273.344,3283.012,3271.635,3282.541,3273.344,3283.012,3271.635,3282.541,3274.455,3285.042,3272.423,3284.044
2024-01-14T22:00:00.000000Z,21881,3285.382,3291.565,3282.621,3289.891,3285.382,3291.565,3282.621,3289.891,3286.32,3292.561,3283.701,3290.871
2024-01-15T02:00:00.000000Z,28461,3289.891,3300.626,3287.07,3300.509,3289.891,3300.626,3287.07,3300.509,3290.915,3301.597,3288.134,3301.528
2024-01-15T06:00:00.000000Z,37123,3300.509,3322.36,3299.254,3320.986,3300.509,3322.36,3299.254,3320.986,3301.48,3323.28,3300.123,3321.987
2024-01-15T10:00:00.000000Z,34029,3321.039,3321.287,3311.189,3316.006,3321.039,3321.287,3311.189,3316.006,3322.04,3322.165,3311.953,3317.027
2024-01-15T14:00:00.000000Z,30364,3316.038,3318.008,3309.409,3313.364,3316.038,3318.008,3309.409,3313.364,3317.006,3318.789,3310.398,3314.533
2024-01-15T18:00:00.000000Z,2172,3313.364,3315.112,3312.628,3314.789,3313.364,3315.112,3312.628,3314.789,3314.598,3316.188,3313.622,3316.026
2024-01-15T22:00:00.000000Z,24814,3314.767,3327.918,3314.735,3319.387,3314.767,3327.918,3314.735,3319.387,3315.906,3328.938,3315.853,3320.426
2024-01-16T02:00:00.000000Z,34307,3319.37,3326.296,3318.711,3322.23,3319.37,3326.296,3318.711,3322.23,3320.479,3327.266,3319.551,3323.233
2024-01-16T06:00:00.000000Z,54552,3322.23,3326.471,3307.92,3313.405,3322.23,3326.471,3307.92,3313.405,3323.179,3327.441,3309.03,3314.408
2024-01-16T10:00:00.000000Z,61872,3313.405,3317.73,3298.469,3311.076,3313.405,3317.73,3298.469,3311.076,3314.391,3318.543,3299.295,3312.068
2024-01-16T14:00:00.000000Z,89214,3311.248,3317.919,3299.454,3301.782,3311.248,3317.919,3299.454,3301.782,3312.116,3318.9,3300.366,3302.98
2024-01-16T18:00:00.000000Z,34024,3301.815,3308.593,3300.962,3304.358,3301.815,3308.593,3300.962,3304.358,3302.873,3309.642,3301.877,3305.411
2024-01-16T22:00:00.000000Z,22273,3301.502,3305.894,3300.02,3301.906,3301.502,3305.894,3300.02,3301.906,3302.666,3306.806,3300.992,3302.827
2024-01-17T02:00:00.000000Z,35251,3301.906,3306.136,3294.599,3299.258,3301.906,3306.136,3294.599,3299.258,3302.881,3307.151,3295.429,3300.175
2024-01-17T06:00:00.000000Z,57755,3299.258,3311.884,3295.677,3307.388,3299.258,3311.884,3295.677,3307.388,3300.159,3312.889,3296.522,3308.464
2024-01-17T10:00:00.000000Z,56847,3307.17,3315.532,3302.952,3312.626,3307.17,3315.532,3302.952,3312.626,3308.137,3316.396,3303.794,3313.693
2024-01-17T14:00:00.000000Z,75575,3312.577,3315.327,3283.429,3287.142,3312.577,3315.327,3283.429,3287.142,3313.611,3316.241,3284.363,3288.065
2024-01-17T18:00:00.000000Z,38832,3287.358,3288.59,3279.411,3279.747,3287.358,3288.59,3279.411,3279.747,3288.227,3289.595,3280.386,3280.984
2024-01-17T22:00:00.000000Z,23664,3284.254,3289.532,3277.298,3280.458,3284.254,3289.532,3277.298,3280.458,3285.394,3290.558,3278.28,3281.407
2024-01-18T02:00:00.000000Z,32318,3280.511,3284.694,3275.995,3284.192,3280.511,3284.694,3275.995,3284.192,3281.402,3285.719,3277.039,3285.072
2024-01-18T06:00:00.000000Z,47214,3284.192,3293.596,3281.963,3283.63,3284.192,3293.596,3281.963,3283.63,3285.126,3294.605,3282.863,3284.536
2024-01-18T10:00:00.000000Z,50272,3283.647,3297.481,3281.673,3295.255,3283.647,3297.481,3281.673,3295.255,3284.536,3298.408,3282.746,3296.207
2024-01-18T14:00:00.000000Z,70883,3295.358,3305.476,3292.336,3304.974,3295.358,3305.476,3292.336,3304.974,3296.251,3306.347,3293.264,3305.99
2024-01-18T18:00:00.000000Z,32193,3304.974,3310.568,3304.425,3307.341,3304.974,3310.568,3304.425,3307.341,3306.044,3311.503,3305.354,3308.487
2024-01-18T22:00:00.000000Z,23180,3307.839,3312.765,3302.916,3310.025,3307.839,3312.765,3302.916,3310.025,3309.001,3313.576,3303.9,3311.085
2024-01-19T02:00:00.000000Z,25153,3310.247,3317.727,3309.273,3317.457,3310.247,3317.727,3309.273,3317.457,3311.182,3318.735,3310.198,3318.356
2024-01-19T06:00:00.000000Z,40030,3317.354,3324.691,3315.612,3316.517,3317.354,3324.691,3315.612,3316.517,3318.328,3325.66,3316.476,3317.262
2024-01-19T10:00:00.000000Z,42731,3316.517,3333.473,3315.19,3331.842,3316.517,3333.473,3315.19,3331.842,3317.316,3334.393,3315.951,3332.615
2024-01-19T14:00:00.000000Z,71252,3331.858,3332.48,3317.104,3320.984,3331.858,3332.48,3317.104,3320.984,3332.615,3333.215,3318.088,3321.8
2024-01-19T18:00:00.000000Z,24207,3320.984,3321.975,3316.041,3317.371,3320.984,3321.975,3316.041,3317.371,3321.817,3322.966,3316.982,3320.032
2024-01-21T22:00:00.000000Z,21737,3315.013,3316.596,3308.085,3311.45,3315.013,3316.596,3308.085,3311.45,3316.371,3317.714,3309.029,3312.357
2024-01-22T02:00:00.000000Z,30142,3311.45,3314.815,3306.187,3310.97,3311.45,3314.815,3306.187,3310.97,3312.303,3315.88,3307.267,3311.997
2024-01-22T06:00:00.000000Z,45790,3310.883,3316.597,3307.286,3309.462,3310.883,3316.597,3307.286,3309.462,3312.03,3317.538,3308.238,3310.436
2024-01-22T10:00:00.000000Z,47011,3309.418,3317.017,3305.455,3307.629,3309.418,3317.017,3305.455,3307.629,3310.354,3318.029,3306.236,3308.634
2024-01-22T14:00:00.000000Z,58444,3307.531,3319.033,3299.713,3313.769,3307.531,3319.033,3299.713,3313.769,3308.514,3319.904,3300.599,3314.645
2024-01-22T18:00:00.000000Z,25279,3313.769,3327.69,3313.567,3326.482,3313.769,3327.69,3313.567,3326.482,3314.482,3328.541,3314.253,3327.721
2024-01-22T22:00:00.000000Z,17821,3327.385,3331.586,3321.08,3321.514,3327.385,3331.586,3321.08,3321.514,3329.173,3332.635,3322.001,3322.489
2024-01-23T02:00:00.000000Z,37447,3321.514,3327.911,3317.672,3326.375,3321.514,3327.911,3317.672,3326.375,3322.434,3328.837,3318.69,3327.224
2024-01-23T06:00:00.000000Z,48913,3326.375,3333.152,3320.824,3331.05,3326.375,3333.152,3320.824,3331.05,3327.241,3334.051,3321.722,3331.829
2024-01-23T10:00:00.000000Z,43946,3330.979,3331.537,3320.378,3322.649,3330.979,3331.537,3320.378,3322.649,3331.752,3332.349,3321.277,3323.69
2024-01-23T14:00:00.000000Z,56351,3322.595,3338.2,3322.595,3334.97,3322.595,3338.2,3322.595,3334.97,3323.674,3339.018,3323.575,3335.755
2024-01-23T18:00:00.000000Z,29188,3334.915,3338.952,3321.528,3324.543,3334.915,3338.952,3321.528,3324.543,3335.755,3339.984,3322.535,3325.769
2024-01-23T22:00:00.000000Z,18171,3325.728,3326.951,3319.844,3321.501,3325.728,3326.951,3319.844,3321.501,3326.697,3327.97,3320.785,3322.416
2024-01-24T02:00:00.000000Z,26490,3321.513,3326.807,3315.607,3316.778,3321.513,3326.807,3315.607,3316.778,3322.498,3327.712,3316.579,3317.703
2024-01-24T06:00:00.000000Z,47586,3316.745,3322.497,3309.152,3310.113,3316.745,3322.497,3309.152,3310.113,3317.703,3323.45,3309.983,3311.188
2024-01-24T10:00:00.000000Z,50588,3310.064,3318.667,3308.517,3309.593,3310.064,3318.667,3308.517,3309.593,3311.117,3319.482,3309.536,3310.591
2024-01-24T14:00:00.000000Z,77457,3309.652,3311.003,3285.537,3292.885,3309.652,3311.003,3285.537,3292.885,3310.477,3311.887,3286.57,3293.963
2024-01-24T18:00:00.000000Z,35583,3292.778,3296.362,3289.184,3295.322,3292.778,3296.362,3289.184,3295.322,3293.909,3297.387,3290.155,3296.338
2024-01-24T22:00:00.000000Z,23528,3298.451,3304.169,3297.592,3299.668,3298.451,3304.169,3297.592,3299.668,3299.498,3305.05,3298.646,3300.467
2024-01-25T02:00:00.000000Z,28626,3299.7,3301.556,3297.355,3300.627,3299.7,3301.556,3297.355,3300.627,3300.359,3302.453,3298.252,3301.677
2024-01-25T06:00:00.000000Z,40149,3300.627,3301.071,3288.193,3294.487,3300.627,3301.071,3288.193,3294.487,3301.731,3302.131,3289.147,3295.517
2024-01-25T10:00:00.000000Z,47422,3294.487,3299.107,3289.561,3293.086,3294.487,3299.107,3289.561,3293.086,3295.533,3300.259,3291.181,3294.051
2024-01-25T14:00:00.000000Z,77503,3293.086,3305.909,3292.674,3294.755,3293.086,3305.909,3292.674,3294.755,3293.998,3306.844,3293.726,3295.619
2024-01-25T18:00:00.000000Z,32819,3294.755,3306.54,3292.175,3306.376,3294.755,3306.54,3292.175,3306.376,3295.565,3307.621,3293.193,3307.621
2024-01-25T22:00:00.000000Z,18667,3305.754,3313.94,3304.076,3310.902,3305.754,3313.94,3304.076,3310.902,3307.78,3314.881,3307.024,3311.875
2024-01-26T02:00:00.000000Z,21531,3310.902,3312.502,3308.131,3311.917,3310.902,3312.502,3308.131,3311.917,3311.892,3313.595,3309.104,3312.766
2024-01-26T06:00:00.000000Z,38498,3311.917,3316.84,3310.076,3310.916,3311.917,3316.84,3310.076,3310.916,3312.749,3317.711,3310.902,3311.869
2024-01-26T10:00:00.000000Z,42837,3310.933,3312.751,3307.387,3311.185,3310.933,3312.751,3307.387,3311.185,3311.814,3313.82,3308.371,3312.158
2024-01-26T14:00:00.000000Z,55319,3311.185,3312.41,3302.537,3306.5,3311.185,3312.41,3302.537,3306.5,3312.147,3313.351,3303.359,3307.507
2024-01-26T18:00:00.000000Z,16816,3306.5,3314.052,3306.135,3313.065,3306.5,3314.052,3306.135,3313.065,3307.528,3315.277,3306.923,3314.122
2024-01-28T22:00:00.000000Z,23428,3328.721,3329.001,3312.391,3314.067,3328.721,3329.001,3312.391,3314.067,3329.709,3330.008,3313.265,3314.998
2024-01-29T02:00:00.000000Z,19085,3314.067,3324.034,3313.879,3321.405,3314.067,3324.034,3313.879,3321.405,3315.052,3325.009,3314.797,3322.379
2024-01-29T06:00:00.000000Z,34178,3321.372,3329.218,3315.921,3316.646,3321.372,3329.218,3315.921,3316.646,3322.363,3330.161,3316.78,3317.701
2024-01-29T10:00:00.000000Z,33217,3316.646,3332.214,3309.29,3331.521,3316.646,3332.214,3309.29,3331.521,3317.668,3333.161,3310.208,3332.599
2024-01-29T14:00:00.000000Z,47116,3331.57,3332.121,3311.399,3323.347,3331.57,3332.121,3311.399,3323.347,3332.583,3333.155,3312.246,3324.321
2024-01-29T18:00:00.000000Z,28259,3323.347,3324.622,3307.415,3313.871,3323.347,3324.622,3307.415,3313.871,3324.267,3325.487,3308.332,3314.892
2024-01-29T22:00:00.000000Z,18020,3312.453,3315.468,3307.704,3310.305,3312.453,3315.468,3307.704,3310.305,3313.75,3316.365,3308.706,3311.239
2024-01-30T02:00:00.000000Z,22606,3310.082,3312.783,3304.808,3308.618,3310.082,3312.783,3304.808,3308.618,3310.913,3313.766,3305.729,3309.536
2024-01-30T06:00:00.000000Z,36981,3308.635,3325.421,3308.631,3318.565,3308.635,3325.421,3308.631,3318.565,3309.519,3326.225,3309.519,3319.532
2024-01-30T10:00:00.000000Z,35293,3318.565,3328.996,3314.017,3328.681,3318.565,3328.996,3314.017,3328.681,3319.586,3329.872,3315.295,3329.654
2024-01-30T14:00:00.000000Z,72535,3328.697,3341.313,3318.956,3321.751,3328.697,3341.313,3318.956,3321.751,3329.709,3342.205,3319.929,3322.795
2024-01-30T18:00:00.000000Z,28174,3321.697,3321.697,3316.885,3319.017,3321.697,3321.697,3316.885,3319.017,3323.028,3323.028,3317.919,3320.086
2024-01-30T22:00:00.000000Z,19545,3319.318,3325.598,3318.979,3322.248,3319.318,3325.598,3318.979,3322.248,3320.55,3327.077,3320.043,3323.118
2024-01-31T02:00:00.000000Z,22416,3322.248,3328.67,3322.183,3328.544,3322.248,3328.67,3322.183,3328.544,3323.173,3329.491,3323.173,3329.491
2024-01-31T06:00:00.000000Z,39909,3328.599,3332.039,3323.226,3326.78,3328.599,3332.039,3323.226,3326.78,3329.491,3332.943,3324.155,3327.802
2024-01-31T10:00:00.000000Z,42881,3326.834,3330.918,3322.292,3325.388,3326.834,3330.918,3322.292,3325.388,3327.802,3331.837,3323.445,3326.257
2024-01-31T14:00:00.000000Z,76601,3325.317,3338.896,3318.37,3337.825,3325.317,3338.896,3318.37,3337.825,3326.241,3339.94,3319.329,3338.651
2024-01-31T18:00:00.000000Z,77428,3337.76,3338.044,3323.068,3332.487,3337.76,3338.044,3323.068,3332.487,3338.57,3339.022,3323.986,3333.701
2024-01-31T22:00:00.000000Z,22237,3335.467,3337.608,3331.268,3332.912,3335.467,3337.608,3331.268,3332.912,3336.665,3338.77,3332.258,3333.777
2024-02-01T02:00:00.000000Z,32759,3332.901,3346.907,3332.161,3346.087,3332.901,3346.907,3332.161,3346.087,3333.711,3347.942,3333.2,3347.008
2024-02-01T06:00:00.000000Z,45235,3346.087,3351.753,3342.855,3349.3,3346.087,3351.753,3342.855,3349.3,3346.953,3352.626,3343.846,3350.15
2024-02-01T10:00:00.000000Z,58127,3349.168,3349.882,3335.319,3347.813,3349.168,3349.882,3335.319,3347.813,3350.035,3350.804,3336.169,3348.878
2024-02-01T14:00:00.000000Z,92119,3347.862,3366.894,3344.2,3348.604,3347.862,3366.894,3344.2,3348.604,3348.91,3367.776,3345.114,3349.37
2024-02-01T18:00:00.000000Z,40895,3348.637,3353.751,3343.475,3343.659,3348.637,3353.751,3343.475,3343.659,3349.403,3354.632,3344.518,3344.752
2024-02-01T22:00:00.000000Z,17873,3343.689,3345.833,3338.838,3340.706,3343.689,3345.833,3338.838,3340.706,3344.722,3346.953,3339.825,3341.63
2024-02-02T02:00:00.000000Z,25132,3340.581,3343.275,3334.559,3341.214,3340.581,3343.275,3334.559,3341.214,3341.521,3344.226,3335.509,3342.078
2024-02-02T06:00:00.000000Z,37147,3341.214,3344.324,3335.523,3335.843,3341.214,3344.324,3335.523,3335.843,3342.11,3345.243,3336.485,3336.853
2024-02-02T10:00:00.000000Z,47980,3335.843,3345.507,3329.72,3333.513,3335.843,3345.507,3329.72,3333.513,3336.798,3346.296,3331.306,3334.27
2024-02-02T14:00:00.000000Z,82608,3333.595,3359.58,3330.953,3356.224,3333.595,3359.58,3330.953,3356.224,3334.434,3360.543,3331.71,3357.148
2024-02-02T18:00:00.000000Z,28424,3356.224,3363.263,3352.154,3362.688,3356.224,3363.263,3352.154,3362.688,3357.165,3364.464,3353.011,3364.11
2024-02-04T22:00:00.000000Z,29071,3369.395,3372.665,3359.884,3361.569,3369.395,3372.665,3359.884,3361.569,3370.574,3373.51,3360.875,3362.571
2024-02-05T02:00:00.000000Z,34749,3361.503,3362.383,3339.016,3340.795,3361.503,3362.383,3339.016,3340.795,3362.522,3363.396,3339.91,3341.663
2024-02-05T06:00:00.000000Z,45310,3340.735,3342.809,3329.954,3335.472,3340.735,3342.809,3329.954,3335.472,3341.547,3343.853,3330.903,3336.439
2024-02-05T10:00:00.000000Z,44755,3335.417,3345.278,3329.006,3329.849,3335.417,3345.278,3329.006,3329.849,3336.439,3346.202,3329.813,3330.772
2024-02-05T14:00:00.000000Z,61099,3329.904,3345.529,3327.284,3344.916,3329.904,3345.529,3327.284,3344.916,3330.717,3346.508,3328.053,3345.862
2024-02-05T18:00:00.000000Z,22644,3344.933,3348.158,3342.24,3343.833,3344.933,3348.158,3342.24,3343.833,3345.928,3348.909,3343.163,3344.966
2024-02-05T22:00:00.000000Z,17726,3344.267,3349.069,3340.976,3341.516,3344.267,3349.069,3340.976,3341.516,3345.522,3350.181,3342.02,3342.373
2024-02-06T02:00:00.000000Z,30927,3341.516,3344.085,3333.476,3343.047,3341.516,3344.085,3333.476,3343.047,3342.428,3345.008,3334.502,3344.009
2024-02-06T06:00:00.000000Z,35376,3342.992,3344.567,3336.022,3342.176,3342.992,3344.567,3336.022,3342.176,3344.009,3345.585,3336.851,3343.034
2024-02-06T10:00:00.000000Z,38859,3342.232,3352.382,3342.121,3352.179,3342.232,3352.382,3342.121,3352.179,3343.034,3353.257,3343.001,3353.081
2024-02-06T14:00:00.000000Z,65370,3352.179,3358.811,3345.677,3351.013,3352.179,3358.811,3345.677,3351.013,3352.922,3359.933,3346.633,3351.942
2024-02-06T18:00:00.000000Z,27111,3350.865,3352.688,3337.414,3338.591,3350.865,3352.688,3337.414,3338.591,3351.788,3353.546,3338.362,3339.562
2024-02-06T22:00:00.000000Z,17183,3337.315,3340.592,3330.113,3330.794,3337.315,3340.592,3330.113,3330.794,3338.072,3341.54,3331.006,3331.66
2024-02-07T02:00:00.000000Z,24153,3330.713,3336.37,3328.756,3331.65,3330.713,3336.37,3328.756,3331.65,3331.66,3337.231,3329.692,3332.652
2024-02-07T06:00:00.000000Z,36007,3331.666,3334.484,3327.696,3332.278,3331.666,3334.484,3327.696,3332.278,3332.652,3335.602,3328.556,3333.144
2024-02-07T10:00:00.000000Z,35528,3332.278,3332.917,3323.031,3329.88,3332.278,3332.917,3323.031,3329.88,3333.089,3333.897,3323.928,3330.784
2024-02-07T14:00:00.000000Z,62139,3329.88,3340.537,3324.051,3333.539,3329.88,3340.537,3324.051,3333.539,3330.833,3342.607,3324.949,3334.329
2024-02-07T18:00:00.000000Z,23994,3333.539,3335.353,3325.597,3328.549,3333.539,3335.353,3325.597,3328.549,3334.541,3336.137,3326.522,3329.883
2024-02-07T22:00:00.000000Z,17033,3331.281,3334.058,3328.969,3329.583,3331.281,3334.058,3328.969,3329.583,3332.413,3335.087,3329.942,3330.508
2024-02-08T02:00:00.000000Z,27127,3329.675,3330.52,3321.657,3327.375,3329.675,3330.52,3321.657,3327.375,3330.671,3331.489,3322.778,3328.278
2024-02-08T06:00:00.000000Z,34990,3327.353,3332.3,3324.258,3331.542,3327.353,3332.3,3324.258,3331.542,3328.278,3333.286,3325.232,3332.511
2024-02-08T10:00:00.000000Z,48777,3331.575,3339.643,3320.964,3321.739,3331.575,3339.643,3320.964,3321.739,3332.489,3340.526,3321.759,3322.688
2024-02-08T14:00:00.000000Z,58180,3321.788,3339.293,3319.736,3334.153,3321.788,3339.293,3319.736,3334.153,3322.758,3340.329,3320.651,3335.069
2024-02-08T18:00:00.000000Z,22820,3334.104,3337.523,3333.469,3336.06,3334.104,3337.523,3333.469,3336.06,3335.036,3338.428,3334.39,3337.145
2024-02-08T22:00:00.000000Z,16905,3337.192,3337.751,3319.856,3321.101,3337.192,3337.751,3319.856,3321.101,3338.185,3338.743,3320.687,3322.053
2024-02-09T02:00:00.000000Z,18152,3321.156,3323.916,3318.439,3322.109,3321.156,3323.916,3318.439,3322.109,3322.053,3324.814,3319.152,3323.011
2024-02-09T06:00:00.000000Z,33125,3322.12,3323.728,3304.123,3306.742,3322.12,3323.728,3304.123,3306.742,3323.039,3324.707,3305.002,3307.713
2024-02-09T10:00:00.000000Z,45900,3306.796,3312.018,3299.412,3299.578,3306.796,3312.018,3299.412,3299.578,3307.713,3313.028,3300.427,3300.56
2024-02-09T14:00:00.000000Z,58085,3299.562,3301.626,3287.445,3295.205,3299.562,3301.626,3287.445,3295.205,3300.56,3302.656,3288.305,3296.105
2024-02-09T18:00:00.000000Z,18615,3295.172,3297.627,3289.012,3290.451,3295.172,3297.627,3289.012,3290.451,3296.072,3298.469,3290.115,3293.901
2024-02-11T22:00:00.000000Z,13500,3296.975,3300.269,3291.534,3297.59,3296.975,3300.269,3291.534,3297.59,3297.795,3300.987,3292.487,3298.614
2024-02-12T02:00:00.000000Z,14227,3297.644,3302.429,3293.562,3301.523,3297.644,3302.429,3293.562,3301.523,3298.668,3303.4,3294.585,3302.51
2024-02-12T06:00:00.000000Z,33172,3301.469,3308.609,3297.77,3299.96,3301.469,3308.609,3297.77,3299.96,3302.51,3309.536,3298.558,3300.927
2024-02-12T10:00:00.000000Z,37428,3299.895,3307.101,3295.382,3296.252,3299.895,3307.101,3295.382,3296.252,3300.932,3308.084,3296.138,3297.256
2024-02-12T14:00:00.000000Z,49073,3296.252,3297.297,3281.282,3289.376,3296.252,3297.297,3281.282,3289.376,3297.202,3298.246,3282.236,3290.169
2024-02-12T18:00:00.000000Z,20703,3288.716,3296.415,3287.571,3295.054,3288.716,3296.415,3287.571,3295.054,3289.311,3297.372,3288.611,3296.032
2024-02-12T22:00:00.000000Z,12825,3293.884,3299.263,3291.989,3297.378,3293.884,3299.263,3291.989,3297.378,3298.884,3300.337,3294.588,3298.435
2024-02-13T02:00:00.000000Z,17964,3297.324,3311.923,3296.777,3309.999,3297.324,3311.923,3296.777,3309.999,3298.398,3312.635,3297.8,3311.043
2024-02-13T06:00:00.000000Z,30546,3310.054,3321.91,3309.135,3320.802,3310.054,3321.91,3309.135,3320.802,3311.043,3322.797,3310.055,3321.683
2024-02-13T10:00:00.000000Z,46970,3320.747,3327.171,3304.822,3306.497,3320.747,3327.171,3304.822,3306.497,3321.683,3328.088,3305.715,3307.589
2024-02-13T14:00:00.000000Z,70011,3306.601,3307.217,3283.086,3291.076,3306.601,3307.217,3283.086,3291.076,3307.567,3308.155,3283.974,3291.823
2024-02-13T18:00:00.000000Z,23610,3291.775,3296.209,3286.843,3287.869,3291.775,3296.209,3286.843,3287.869,3292.604,3297.131,3287.83,3289.226
2024-02-13T22:00:00.000000Z,18734,3288.708,3292.116,3283.729,3287.6,3288.708,3292.116,3283.729,3287.6,3289.848,3293.154,3284.721,3288.472
2024-02-14T02:00:00.000000Z,19202,3287.666,3287.874,3278.607,3279.141,3287.666,3287.874,3278.607,3279.141,3288.467,3288.799,3279.364,3280.028
2024-02-14T06:00:00.000000Z,38810,3279.087,3279.249,3267.413,3275.287,3279.087,3279.249,3267.413,3275.287,3280.028,3280.098,3268.268,3276.152
2024-02-14T10:00:00.000000Z,39476,3275.233,3279.71,3270.714,3274.207,3275.233,3279.71,3270.714,3274.207,3276.152,3280.679,3271.67,3275.209
2024-02-14T14:00:00.000000Z,62799,3274.153,3277.537,3264.854,3276.592,3274.153,3277.537,3264.854,3276.592,3275.155,3278.436,3265.778,3277.456
2024-02-14T18:00:00.000000Z,23423,3275.747,3276.014,3268.859,3273.081,3275.747,3276.014,3268.859,3273.081,3276.541,3276.785,3269.748,3274.506
2024-02-14T22:00:00.000000Z,17085,3273.469,3277.216,3271.087,3275.092,3273.469,3277.216,3271.087,3275.092,3275.265,3278.342,3272.009,3275.957
2024-02-15T02:00:00.000000Z,20285,3274.994,3277.477,3270.408,3274.09,3274.994,3277.477,3270.408,3274.09,3275.859,3278.581,3271.388,3274.955
2024-02-15T06:00:00.000000Z,32236,3274.143,3280.209,3272.156,3279.998,3274.143,3280.209,3272.156,3279.998,3274.955,3281.071,3273.071,3280.83
2024-02-15T10:00:00.000000Z,39765,3280.106,3280.514,3267.342,3275.707,3280.106,3280.514,3267.342,3275.707,3280.938,3281.33,3268.152,3276.726
2024-02-15T14:00:00.000000Z,64327,3275.756,3284.14,3269.911,3282.558,3275.756,3284.14,3269.911,3282.558,3276.726,3285.025,3270.877,3283.401
2024-02-15T18:00:00.000000Z,22192,3282.366,3283.054,3276.709,3282.175,3282.366,3283.054,3276.709,3282.175,3283.209,3283.972,3277.465,3283.355
2024-02-15T22:00:00.000000Z,16067,3281.039,3289.255,3276.684,3288.714,3281.039,3289.255,3276.684,3288.714,3282.159,3290.19,3277.634,3289.741
2024-02-16T02:00:00.000000Z,18979,3288.756,3290.906,3284.09,3288.287,3288.756,3290.906,3284.09,3288.287,3289.729,3291.895,3285.053,3289.325
2024-02-16T06:00:00.000000Z,30116,3288.233,3289.697,3280.709,3281.716,3288.233,3289.697,3280.709,3281.716,3289.271,3290.611,3281.75,3282.618
2024-02-16T10:00:00.000000Z,38016,3281.7,3288.208,3276.706,3282.201,3281.7,3288.208,3276.706,3282.201,3282.618,3289.097,3277.666,3283.136
2024-02-16T14:00:00.000000Z,63933,3282.185,3288.784,3272.191,3285.807,3282.185,3288.784,3272.191,3285.807,3283.028,3289.701,3273.265,3286.757
2024-02-16T18:00:00.000000Z,22082,3286.131,3288.582,3280.401,3285.964,3286.131,3288.582,3280.401,3285.964,3286.957,3289.474,3281.35,3288.01
2024-02-18T22:00:00.000000Z,24969,3283.121,3292.782,3263.577,3292.353,3283.121,3292.782,3263.577,3292.353,3287.303,3295.487,3268.577,3293.302
2024-02-19T02:00:00.000000Z,24487,3292.337,3296.921,3286.632,3290.571,3292.337,3296.921,3286.632,3290.571,3293.324,3297.817,3287.539,3291.508
2024-02-19T06:00:00.000000Z,32012,3290.517,3293.047,3283.128,3286.766,3290.517,3293.047,3283.128,3286.766,3291.455,3294.017,3284.059,3287.682
2024-02-19T10:00:00.000000Z,27676,3286.696,3288.967,3279.967,3280.628,3286.696,3288.967,3279.967,3280.628,3287.628,3289.814,3280.776,3281.544
2024-02-19T14:00:00.000000Z,18927,3280.661,3284.323,3277.887,3282.068,3280.661,3284.323,3277.887,3282.068,3281.646,3285.095,3278.79,3283.2
2024-02-19T18:00:00.000000Z,1614,3282.584,3283.656,3280.953,3282.197,3282.584,3283.656,3280.953,3282.197,3283.57,3284.653,3281.978,3283.038
2024-02-19T22:00:00.000000Z,20326,3280.552,3288.632,3279.529,3286.358,3280.552,3288.632,3279.529,3286.358,3282.113,3289.527,3280.473,3287.333
2024-02-20T02:00:00.000000Z,23083,3286.277,3291.483,3286.277,3288.234,3286.277,3291.483,3286.277,3288.234,3287.333,3292.294,3287.223,3289.22
2024-02-20T06:00:00.000000Z,34266,3288.395,3295.337,3282.156,3282.781,3288.395,3295.337,3282.156,3282.781,3289.327,3296.167,3283.156,3283.765
2024-02-20T10:00:00.000000Z,48064,3282.834,3287.274,3280.249,3280.932,3282.834,3287.274,3280.249,3280.932,3283.781,3288.189,3281.206,3281.893
2024-02-20T14:00:00.000000Z,54893,3280.89,3285.969,3275.033,3285.226,3280.89,3285.969,3275.033,3285.226,3281.872,3286.83,3275.867,3285.997
2024-02-20T18:00:00.000000Z,21662,3286.168,3287.669,3279.991,3283.351,3286.168,3287.669,3279.991,3283.351,3286.996,3288.583,3280.787,3284.534
2024-02-20T22:00:00.000000Z,15995,3283.786,3284.174,3278.376,3278.54,3283.786,3284.174,3278.376,3278.54,3285.227,3285.229,3279.412,3279.502
2024-02-21T02:00:00.000000Z,23890,3278.487,3282.97,3277.425,3280.15,3278.487,3282.97,3277.425,3280.15,3279.502,3283.948,3278.359,3281.042
2024-02-21T06:00:00.000000Z,31151,3280.097,3282.371,3274.687,3279.338,3280.097,3282.371,3274.687,3279.338,3281.095,3283.217,3275.526,3280.336
2024-02-21T10:00:00.000000Z,35344,3279.338,3285.228,3277.45,3281.376,3279.338,3285.228,3277.45,3281.376,3280.389,3286.105,3278.322,3282.221
2024-02-21T14:00:00.000000Z,49375,3281.376,3286.502,3277.127,3281.055,3281.376,3286.502,3277.127,3281.055,3282.274,3287.428,3278.126,3282.002
2024-02-21T18:00:00.000000Z,33292,3281.06,3282.619,3274.041,3277.802,3281.06,3282.619,3274.041,3277.802,3281.984,3283.614,3275.051,3278.962
2024-02-21T22:00:00.000000Z,18979,3277.537,3278.571,3268.185,3275.903,3277.537,3278.571,3268.185,3275.903,3278.732,3279.63,3268.991,3276.816
2024-02-22T02:00:00.000000Z,22630,3275.887,3282.148,3272.734,3273.705,3275.887,3282.148,3272.734,3273.705,3276.784,3283.281,3273.694,3274.67
2024-02-22T06:00:00.000000Z,43483,3273.652,3275.462,3266.542,3270.761,3273.652,3275.462,3266.542,3270.761,3274.564,3276.423,3267.4,3271.689
2024-02-22T10:00:00.000000Z,42736,3270.814,3276.081,3266.612,3275.245,3270.814,3276.081,3266.612,3275.245,3271.742,3276.992,3267.563,3276.312
2024-02-22T14:00:00.000000Z,60495,3275.245,3277.225,3264.029,3266.211,3275.245,3277.225,3264.029,3266.211,3276.275,3278.083,3264.911,3267.127
2024-02-22T18:00:00.000000Z,23664,3265.346,3268.947,3261.416,3267.415,3265.346,3268.947,3261.416,3267.415,3266.384,3270.301,3262.28,3268.781
2024-02-22T22:00:00.000000Z,17671,3267.906,3271.383,3264.842,3270.464,3267.906,3271.383,3264.842,3270.464,3269.068,3272.477,3265.765,3271.275
2024-02-23T02:00:00.000000Z,18315,3270.411,3271.609,3261.223,3261.756,3270.411,3271.609,3261.223,3261.756,3271.275,3272.538,3262.135,3262.672
2024-02-23T06:00:00.000000Z,33533,3261.724,3264.393,3254.579,3261.758,3261.724,3264.393,3254.579,3261.758,3262.672,3265.216,3255.494,3262.585
2024-02-23T10:00:00.000000Z,43821,3261.81,3269.286,3260.694,3265.798,3261.81,3269.286,3260.694,3265.798,3262.585,3270.204,3261.481,3266.842
2024-02-23T14:00:00.000000Z,63919,3265.798,3290.956,3264.277,3288.191,3265.798,3290.956,3264.277,3288.191,3266.859,3291.723,3265.168,3289.178
2024-02-23T18:00:00.000000Z,21621,3289.28,3293.284,3283.259,3283.438,3289.28,3293.284,3283.259,3283.438,3290.23,3294.2,3284.125,3285.019
2024-02-25T22:00:00.000000Z,22486,3283.605,3296.773,3282.856,3293.157,3283.605,3296.773,3282.856,3293.157,3284.981,3297.668,3283.96,3294.104
2024-02-26T02:00:00.000000Z,19901,3293.14,3297.669,3290.666,3296.315,3293.14,3297.669,3290.666,3296.315,3294.088,3298.461,3291.629,3297.295
2024-02-26T06:00:00.000000Z,36413,3296.299,3302.223,3293.86,3294.554,3296.299,3302.223,3293.86,3294.554,3297.295,3303.164,3294.757,3295.494
2024-02-26T10:00:00.000000Z,37898,3294.5,3295.184,3285.758,3287.484,3294.5,3295.184,3285.758,3287.484,3295.28,3295.992,3286.688,3288.467
2024-02-26T14:00:00.000000Z,49775,3287.484,3289.203,3281.508,3285.245,3287.484,3289.203,3281.508,3285.245,3288.451,3290.139,3282.348,3286.216
2024-02-26T18:00:00.000000Z,22138,3286.874,3293.129,3286.149,3290.039,3286.874,3293.129,3286.149,3290.039,3287.874,3293.909,3286.971,3291.243
2024-02-26T22:00:00.000000Z,15022,3291.473,3302.126,3291.42,3300.504,3291.473,3302.126,3291.42,3300.504,3292.784,3303.004,3292.517,3301.403
2024-02-27T02:00:00.000000Z,19192,3300.634,3304.661,3297.209,3299.032,3300.634,3304.661,3297.209,3299.032,3301.501,3305.577,3298.159,3299.926
2024-02-27T06:00:00.000000Z,30050,3298.995,3303.795,3296.18,3302.185,3298.995,3303.795,3296.18,3302.185,3299.926,3304.831,3297.019,3303.175
2024-02-27T10:00:00.000000Z,40511,3302.201,3307.483,3299.132,3300.132,3302.201,3307.483,3299.132,3300.132,3303.175,3308.399,3300.063,3301.182
2024-02-27T14:00:00.000000Z,55317,3300.078,3303.653,3290.517,3293.346,3300.078,3303.653,3290.517,3293.346,3301.128,3304.655,3291.469,3294.191
2024-02-27T18:00:00.000000Z,21261,3293.907,3295.563,3287.268,3289.798,3293.907,3295.563,3287.268,3289.798,3294.629,3296.563,3288.293,3291.023
2024-02-27T22:00:00.000000Z,18697,3287.767,3320.924,3287.182,3320.56,3287.767,3320.924,3287.182,3320.56,3288.901,3321.881,3288.235,3321.479
2024-02-28T02:00:00.000000Z,28163,3320.652,3328.297,3320.087,3321.571,3320.652,3328.297,3320.087,3321.571,3321.587,3329.228,3320.924,3322.371
2024-02-28T06:00:00.000000Z,38767,3321.571,3327.055,3317.911,3322.84,3321.571,3327.055,3317.911,3322.84,3322.404,3328.019,3318.868,3323.886
2024-02-28T10:00:00.000000Z,48201,3322.824,3340.127,3319.984,3339.457,3322.824,3340.127,3319.984,3339.457,3323.886,3340.983,3320.948,3340.405
2024-02-28T14:00:00.000000Z,52642,3339.522,3342.945,3333.321,3338.816,3339.522,3342.945,3333.321,3338.816,3340.405,3343.906,3334.226,3339.721
2024-02-28T18:00:00.000000Z,21524,3339.034,3340.458,3331.867,3335.54,3339.034,3340.458,3331.867,3335.54,3339.972,3341.418,3332.684,3336.587
2024-02-28T22:00:00.000000Z,14999,3336.616,3340.967,3334.987,3339.707,3336.616,3340.967,3334.987,3339.707,3337.603,3341.927,3335.925,3340.535
2024-02-29T02:00:00.000000Z,22932,3339.707,3339.794,3332.519,3335.265,3339.707,3339.794,3332.519,3335.265,3340.518,3340.649,3333.439,3336.219
2024-02-29T06:00:00.000000Z,35948,3335.32,3343.66,3335.178,3340.887,3335.32,3343.66,3335.178,3340.887,3336.219,3344.544,3336.148,3341.841
2024-02-29T10:00:00.000000Z,48520,3340.887,3361.046,3335.043,3359.261,3340.887,3361.046,3335.043,3359.261,3341.896,3361.938,3335.877,3360.05
2024-02-29T14:00:00.000000Z,71650,3359.261,3365.223,3350.803,3363.247,3359.261,3365.223,3350.803,3363.247,3360.144,3366.172,3351.736,3364.121
2024-02-29T18:00:00.000000Z,24226,3363.944,3364.361,3355.901,3357.777,3363.944,3364.361,3355.901,3357.777,3364.674,3365.196,3356.745,3359.002
2024-02-29T22:00:00.000000Z,17279,3357.454,3360.898,3353.011,3353.791,3357.454,3360.898,3353.011,3353.791,3359.584,3361.838,3354.093,3354.768
2024-03-01T02:00:00.000000Z,20854,3353.846,3358.205,3353.374,3357.38,3353.846,3358.205,3353.374,3357.38,3354.697,3359.16,3354.345,3358.352
2024-03-01T06:00:00.000000Z,41626,3357.413,3361.622,3349.745,3358.912,3357.413,3361.622,3349.745,3358.912,3358.44,3362.434,3350.827,3359.967
2024-03-01T10:00:00.000000Z,57420,3358.88,3374.663,3357.572,3370.298,3358.88,3374.663,3357.572,3370.298,3359.967,3375.625,3358.654,3371.216
2024-03-01T14:00:00.000000Z,75278,3370.331,3415.983,3361.617,3414.469,3370.331,3415.983,3361.617,3414.469,3371.216,3416.929,3363.702,3415.386
2024-03-01T18:00:00.000000Z,28111,3415.135,3420.967,3409.774,3409.774,3415.135,3420.967,3409.774,3409.774,3415.988,3421.695,3410.656,3410.862
2024-03-03T22:00:00.000000Z,21770,3409.7,3415.716,3408.039,3411.604,3409.7,3415.716,3408.039,3411.604,3411.031,3416.746,3409.052,3412.503
2024-03-04T02:00:00.000000Z,17892,3411.457,3415.315,3409.557,3413.822,3411.457,3415.315,3409.557,3413.822,3412.487,3416.291,3410.432,3414.715
2024-03-04T06:00:00.000000Z,36044,3413.878,3421.706,3411.647,3414.913,3413.878,3421.706,3411.647,3414.913,3414.715,3422.64,3412.571,3415.797
2024-03-04T10:00:00.000000Z,42458,3414.913,3433.292,3410.739,3430.879,3414.913,3433.292,3410.739,3430.879,3415.853,3434.284,3411.739,3431.877
2024-03-04T14:00:00.000000Z,77690,3431.099,3474.575,3429.416,3471.044,3431.099,3474.575,3429.416,3471.044,3431.992,3475.589,3430.384,3472.013
2024-03-04T18:00:00.000000Z,23989,3471.59,3475.186,3468.425,3468.71,3471.59,3475.186,3468.425,3468.71,3472.452,3476.041,3469.288,3469.777
2024-03-04T22:00:00.000000Z,20236,3467.037,3473.789,3463.766,3466.929,3467.037,3473.789,3463.766,3466.929,3468.841,3474.724,3464.71,3467.76
2024-03-05T02:00:00.000000Z,26068,3466.913,3484.972,3465.756,3484.093,3466.913,3484.972,3465.756,3484.093,3467.703,3485.983,3466.651,3484.916
2024-03-05T06:00:00.000000Z,43834,3484.093,3497.119,3478.86,3496.864,3484.093,3497.119,3478.86,3496.864,3484.858,3498.017,3479.781,3497.819
2024-03-05T10:00:00.000000Z,56679,3496.831,3519.917,3488.152,3496.688,3496.831,3519.917,3488.152,3496.688,3497.753,3520.889,3489.007,3497.741
2024-03-05T14:00:00.000000Z,77629,3496.762,3503.267,3480.178,3498.086,3496.762,3503.267,3480.178,3498.086,3497.831,3504.263,3481.089,3498.999
2024-03-05T18:00:00.000000Z,32062,3498.472,3505.92,3495.12,3495.67,3498.472,3505.92,3495.12,3495.67,3499.434,3506.834,3496.221,3496.633
2024-03-05T22:00:00.000000Z,18600,3494.504,3502.98,3492.135,3497.046,3494.504,3502.98,3492.135,3497.046,3495.598,3503.993,3493.154,3497.902
2024-03-06T02:00:00.000000Z,22527,3496.98,3497.12,3485.638,3487.241,3496.98,3497.12,3485.638,3487.241,3497.853,3498.042,3486.6,3488.186
2024-03-06T06:00:00.000000Z,38343,3487.241,3495.013,3483.177,3487.521,3487.241,3495.013,3483.177,3487.521,3488.129,3496.131,3484.081,3488.4
2024-03-06T10:00:00.000000Z,52004,3487.562,3500.088,3483.139,3498.477,3487.562,3500.088,3483.139,3498.477,3488.4,3501.099,3484.123,3499.331
2024-03-06T14:00:00.000000Z,83725,3498.534,3511.24,3486.041,3496.679,3498.534,3511.24,3486.041,3496.679,3499.446,3512.078,3486.911,3497.655
2024-03-06T18:00:00.000000Z,36892,3497.251,3506.597,3489.403,3504.109,3497.251,3506.597,3489.403,3504.109,3498.112,3507.173,3490.395,3505.264
2024-03-06T22:00:00.000000Z,27048,3504.289,3509.795,3495.302,3499.459,3504.289,3509.795,3495.302,3499.459,3506.489,3511.138,3496.359,3500.378
2024-03-07T02:00:00.000000Z,40541,3499.541,3518.229,3498.196,3507.78,3499.541,3518.229,3498.196,3507.78,3500.443,3519.212,3499.212,3508.723
2024-03-07T06:00:00.000000Z,50180,3507.829,3510.122,3499.549,3505.049,3507.829,3510.122,3499.549,3505.049,3508.739,3511.056,3500.491,3505.95
2024-03-07T10:00:00.000000Z,50716,3505.049,3513.289,3494.964,3502.201,3505.049,3513.289,3494.964,3502.201,3505.966,3514.247,3495.775,3503.183
2024-03-07T14:00:00.000000Z,68931,3502.258,3502.502,3484.891,3497.281,3502.258,3502.502,3484.891,3497.281,3503.183,3503.362,3485.718,3498.141
2024-03-07T18:00:00.000000Z,23027,3497.25,3499.445,3492.706,3498.084,3497.25,3499.445,3492.706,3498.084,3498.117,3500.385,3493.679,3499.203
2024-03-07T22:00:00.000000Z,19894,3496.181,3504.459,3494.542,3498.447,3496.181,3504.459,3494.542,3498.447,3497.203,3505.263,3495.482,3499.412
2024-03-08T02:00:00.000000Z,27960,3498.504,3499.331,3492.545,3493.389,3498.504,3499.331,3492.545,3493.389,3499.412,3500.28,3493.486,3494.208
2024-03-08T06:00:00.000000Z,42376,3493.389,3509.641,3492.668,3506.688,3493.389,3509.641,3492.668,3506.688,3494.152,3510.598,3493.496,3507.645
2024-03-08T10:00:00.000000Z,57195,3506.737,3516.068,3490.857,3502.947,3506.737,3516.068,3490.857,3502.947,3507.677,3517.395,3493.085,3503.789
2024-03-08T14:00:00.000000Z,90083,3502.947,3551.514,3491.026,3536.401,3502.947,3551.514,3491.026,3536.401,3503.773,3552.522,3491.925,3537.4
2024-03-08T18:00:00.000000Z,30142,3532.446,3532.592,3514.121,3527.315,3532.446,3532.592,3514.121,3527.315,3533.478,3533.673,3515.07,3529.364
2024-03-10T21:00:00.000000Z,18919,3528.977,3543.011,3527.203,3540.1,3528.977,3543.011,3527.203,3540.1,3530.13,3544.058,3528.154,3540.902
2024-03-11T01:00:00.000000Z,31089,3540.157,3540.288,3526.296,3532.199,3540.157,3540.288,3526.296,3532.199,3540.902,3541.033,3527.129,3533.141
2024-03-11T05:00:00.000000Z,35723,3532.232,3534.334,3525.27,3529.107,3532.232,3534.334,3525.27,3529.107,3533.141,3535.318,3526.22,3530.008
2024-03-11T09:00:00.000000Z,40316,3529.091,3532.02,3522.911,3529.331,3529.091,3532.02,3522.911,3529.331,3530.066,3532.987,3523.869,3530.241
2024-03-11T13:00:00.000000Z,62349,3529.282,3545.94,3524.305,3533.857,3529.282,3545.94,3524.305,3533.857,3530.151,3546.99,3525.182,3534.816
2024-03-11T17:00:00.000000Z,24659,3533.881,3541.275,3530.706,3537.077,3533.881,3541.275,3530.706,3537.077,3534.816,3542.26,3531.664,3538.19
2024-03-11T21:00:00.000000Z,14920,3535.493,3540.898,3534.995,3535.419,3535.493,3540.898,3534.995,3535.419,3536.835,3541.89,3536.01,3536.222
2024-03-12T01:00:00.000000Z,29497,3535.565,3537.982,3525.884,3529.268,3535.565,3537.982,3525.884,3529.268,3536.368,3538.902,3526.858,3530.186
2024-03-12T05:00:00.000000Z,35053,3529.414,3534.155,3522.326,3533.29,3529.414,3534.155,3522.326,3533.29,3530.283,3535.107,3523.335,3534.208
2024-03-12T09:00:00.000000Z,54694,3533.306,3535.682,3512.165,3520.588,3533.306,3535.682,3512.165,3520.588,3534.282,3536.648,3517.165,3521.538
2024-03-12T13:00:00.000000Z,82264,3520.555,3524.614,3507.019,3523.573,3520.555,3524.614,3507.019,3523.573,3521.473,3525.476,3507.913,3524.451
2024-03-12T17:00:00.000000Z,27068,3523.458,3523.458,3495.932,3508.906,3523.458,3523.458,3495.932,3508.906,3524.451,3524.451,3496.728,3510.077
2024-03-12T21:00:00.000000Z,14094,3509.9,3515.718,3504.964,3512.09,3509.9,3515.718,3504.964,3512.09,3510.9,3516.621,3506.118,3513.074
2024-03-13T01:00:00.000000Z,23866,3512.139,3512.615,3500.856,3504.061,3512.139,3512.615,3500.856,3504.061,3513.107,3513.64,3501.708,3504.987
2024-03-13T05:00:00.000000Z,32328,3504.061,3507.215,3499.388,3502.836,3504.061,3507.215,3499.388,3502.836,3505.043,3508.132,3500.256,3503.689
2024-03-13T09:00:00.000000Z,39987,3502.861,3518.359,3501.757,3515.148,3502.861,3518.359,3501.757,3515.148,3503.746,3519.252,3502.617,3516.042
2024-03-13T13:00:00.000000Z,70236,3515.148,3529.563,3511.646,3528.16,3515.148,3529.563,3511.646,3528.16,3516.074,3530.458,3512.621,3529.086
2024-03-13T17:00:00.000000Z,28194,3528.102,3535.7,3525.772,3530.943,3528.102,3535.7,3525.772,3530.943,3529.029,3536.584,3526.745,3532.05
2024-03-13T21:00:00.000000Z,12649,3530.617,3532.914,3526.86,3528.779,3530.617,3532.914,3526.86,3528.779,3533.082,3533.947,3527.759,3529.721
2024-03-14T01:00:00.000000Z,23657,3528.844,3529.366,3520.408,3525.157,3528.844,3529.366,3520.408,3525.157,3529.802,3530.375,3521.366,3525.97
2024-03-14T05:00:00.000000Z,37357,3525.215,3526.596,3517.439,3521.839,3525.215,3526.596,3517.439,3521.839,3526.027,3527.408,3518.406,3522.765
2024-03-14T09:00:00.000000Z,48959,3521.839,3522.207,3508.067,3511.321,3521.839,3522.207,3508.067,3511.321,3522.781,3523.172,3509.139,3512.255
2024-03-14T13:00:00.000000Z,81385,3511.378,3526.592,3510.952,3518.179,3511.378,3526.592,3510.952,3518.179,3512.255,3527.553,3511.918,3519.024
2024-03-14T17:00:00.000000Z,25550,3518.179,3531.524,3517.958,3526.234,3518.179,3531.524,3517.958,3526.234,3519.082,3532.321,3518.889,3527.326
2024-03-14T21:00:00.000000Z,9623,3527.902,3541.404,3527.538,3541.24,3527.902,3541.404,3527.538,3541.24,3529.134,3542.285,3528.476,3542.145
2024-03-15T01:00:00.000000Z,23100,3541.24,3549.376,3541.182,3546.429,3541.24,3549.376,3541.182,3546.429,3542.203,3550.34,3542.138,3547.393
2024-03-15T05:00:00.000000Z,35905,3546.469,3560.242,3546.176,3560.184,3546.469,3560.242,3546.176,3560.184,3547.507,3561.256,3547.213,3561.067
2024-03-15T09:00:00.000000Z,40832,3560.242,3563.963,3540.747,3545.631,3560.242,3563.963,3540.747,3545.631,3561.125,3564.961,3541.67,3546.611
2024-03-15T13:00:00.000000Z,66940,3545.598,3554.226,3537.765,3548.202,3545.598,3554.226,3537.765,3548.202,3546.579,3555.075,3538.704,3549.184
2024-03-15T17:00:00.000000Z,19373,3548.186,3550.561,3541.673,3543.12,3548.186,3550.561,3541.673,3543.12,3549.184,3551.484,3542.711,3544.672
2024-03-17T21:00:00.000000Z,12987,3537.567,3544.867,3536.631,3543.803,3537.567,3544.867,3536.631,3543.803,3538.639,3545.832,3537.686,3544.843
2024-03-18T01:00:00.000000Z,30646,3543.77,3543.861,3519.351,3523.498,3543.77,3543.861,3519.351,3523.498,3544.852,3544.901,3520.413,3524.527
2024-03-18T05:00:00.000000Z,29583,3523.44,3532.294,3522.056,3530.527,3523.44,3532.294,3522.056,3530.527,3524.469,3533.224,3523.02,3531.458
2024-03-18T09:00:00.000000Z,41529,3530.585,3551.398,3530.487,3544.525,3530.585,3551.398,3530.487,3544.525,3531.483,3552.412,3531.417,3545.348
2024-03-18T13:00:00.000000Z,54604,3544.525,3552.86,3537.092,3551.811,3544.525,3552.86,3537.092,3551.811,3545.406,3553.65,3538.139,3552.669
2024-03-18T17:00:00.000000Z,19388,3551.886,3554.011,3548.811,3549.616,3551.886,3554.011,3548.811,3549.616,3552.685,3554.927,3549.873,3550.681
2024-03-18T21:00:00.000000Z,10690,3548.747,3560.822,3548.747,3556.622,3548.747,3560.822,3548.747,3556.622,3550.001,3561.706,3549.836,3557.496
2024-03-19T01:00:00.000000Z,35117,3556.739,3563.787,3552.718,3563.12,3556.739,3563.787,3552.718,3563.12,3557.555,3564.914,3553.684,3564.062
2024-03-19T05:00:00.000000Z,43612,3563.12,3566.292,3552.277,3559.723,3563.12,3566.292,3552.277,3559.723,3564.12,3567.285,3553.337,3560.642
2024-03-19T09:00:00.000000Z,42904,3559.723,3569.549,3556.247,3563.765,3559.723,3569.549,3556.247,3563.765,3560.658,3570.435,3557.267,3564.575
2024-03-19T13:00:00.000000Z,46519,3563.656,3566.035,3553.513,3559.187,3563.656,3566.035,3553.513,3559.187,3564.558,3567.062,3554.523,3560.089
2024-03-19T17:00:00.000000Z,21132,3559.187,3565.722,3558.704,3564.473,3559.187,3565.722,3558.704,3564.473,3560.155,3566.648,3559.538,3565.691
2024-03-19T21:00:00.000000Z,12706,3566.653,3570.775,3564.317,3567.026,3566.653,3570.775,3564.317,3567.026,3567.345,3571.711,3565.344,3567.995
2024-03-20T01:00:00.000000Z,24486,3567.076,3571.545,3564.046,3570.536,3567.076,3571.545,3564.046,3570.536,3568.061,3572.649,3564.955,3571.564
2024-03-20T05:00:00.000000Z,27939,3570.486,3572.82,3565.863,3571.269,3570.486,3572.82,3565.863,3571.269,3571.564,3573.842,3566.726,3572.298
2024-03-20T09:00:00.000000Z,33753,3571.328,3576.798,3564.276,3570.22,3571.328,3576.798,3564.276,3570.22,3572.357,3577.631,3565.336,3571.064
2024-03-20T13:00:00.000000Z,49273,3570.227,3587.998,3566.315,3572.554,3570.227,3587.998,3566.315,3572.554,3571.064,3589.012,3567.285,3573.372
2024-03-20T17:00:00.000000Z,71907,3572.554,3599.578,3570.224,3594.715,3572.554,3599.578,3570.224,3594.715,3573.431,3600.533,3571.311,3595.797
2024-03-20T21:00:00.000000Z,33672,3600.665,3659.74,3600.665,3611.171,3600.665,3659.74,3600.665,3611.171,3604.694,3660.854,3604.028,3612.161
2024-03-21T01:00:00.000000Z,38184,3611.111,3627.811,3607.388,3614.957,3611.111,3627.811,3607.388,3614.957,3612.102,3628.923,3608.54,3615.984
2024-03-21T05:00:00.000000Z,47855,3615.049,3624.445,3610.09,3617.18,3615.049,3624.445,3610.09,3617.18,3616.017,3625.292,3611.018,3618.05
2024-03-21T09:00:00.000000Z,59777,3617.041,3635.449,3616.151,3634.316,3617.041,3635.449,3616.151,3634.316,3617.904,3636.359,3617.054,3635.335
2024-03-21T13:00:00.000000Z,87878,3634.333,3635.443,3582.951,3606.351,3634.333,3635.443,3582.951,3606.351,3635.368,3636.386,3583.819,3607.246
2024-03-21T17:00:00.000000Z,23278,3606.242,3614.865,3606.053,3608.552,3606.242,3614.865,3606.053,3608.552,3607.212,3615.8,3607.078,3609.758
2024-03-21T21:00:00.000000Z,13312,3608.651,3612.7,3606.295,3611.393,3608.651,3612.7,3606.295,3611.393,3609.807,3613.644,3607.256,3612.44
2024-03-22T01:00:00.000000Z,43209,3611.513,3618.033,3603.545,3615.172,3611.513,3618.033,3603.545,3615.172,3612.44,3619.134,3604.487,3616.112
2024-03-22T05:00:00.000000Z,45652,3615.172,3617.391,3599.65,3607.558,3615.172,3617.391,3599.65,3607.558,3616.052,3618.297,3600.613,3608.471
2024-03-22T09:00:00.000000Z,46713,3607.498,3619.077,3604.873,3617.568,3607.498,3619.077,3604.873,3617.568,3608.565,3619.903,3605.769,3618.619
2024-03-22T13:00:00.000000Z,63641,3617.568,3625.381,3606.086,3606.772,3617.568,3625.381,3606.086,3606.772,3618.558,3626.174,3606.907,3607.662
2024-03-22T17:00:00.000000Z,24762,3606.705,3615.791,3598.025,3612.18,3606.705,3615.791,3598.025,3612.18,3607.662,3616.98,3598.966,3614.269
2024-03-24T21:00:00.000000Z,14979,3615.554,3620.912,3612.357,3612.894,3615.554,3620.912,3612.357,3612.894,3616.816,3621.783,3613.452,3613.946
2024-03-25T01:00:00.000000Z,39247,3612.894,3624.953,3611.064,3616.84,3612.894,3624.953,3611.064,3616.84,3613.886,3625.883,3612.055,3617.721
2024-03-25T05:00:00.000000Z,35652,3616.813,3619.92,3606.455,3607.313,3616.813,3619.92,3606.455,3607.313,3617.754,3620.94,3607.391,3608.259
2024-03-25T09:00:00.000000Z,36265,3607.373,3624.67,3605.364,3622.317,3607.373,3624.67,3605.364,3622.317,3608.259,3625.417,3606.458,3623.247
2024-03-25T13:00:00.000000Z,49806,3622.317,3628.783,3618.031,3624.389,3622.317,3628.783,3618.031,3624.389,3623.308,3629.541,3619.082,3625.22
2024-03-25T17:00:00.000000Z,18234,3624.406,3625.861,3615.661,3616.769,3624.406,3625.861,3615.661,3616.769,3625.22,3626.692,3616.581,3617.847
2024-03-25T21:00:00.000000Z,12371,3616.904,3624.347,3616.574,3618.521,3616.904,3624.347,3616.574,3618.521,3618.725,3625.382,3617.919,3619.638
2024-03-26T01:00:00.000000Z,31979,3618.554,3618.844,3607.691,3616.964,3618.554,3618.844,3607.691,3616.964,3619.672,3619.757,3608.714,3618.049
2024-03-26T05:00:00.000000Z,36637,3616.964,3622.033,3607.134,3619.722,3616.964,3622.033,3607.134,3619.722,3617.988,3623.073,3607.947,3620.662
2024-03-26T09:00:00.000000Z,54674,3619.842,3649.625,3619.575,3635.215,3619.842,3649.625,3619.575,3635.215,3620.722,3650.682,3620.558,3636.195
2024-03-26T13:00:00.000000Z,62093,3635.215,3642.075,3614.521,3622.872,3635.215,3642.075,3614.521,3622.872,3636.228,3643.143,3615.501,3623.896
2024-03-26T17:00:00.000000Z,21765,3622.933,3629.297,3621.024,3627.961,3622.933,3629.297,3621.024,3627.961,3623.896,3630.178,3622.041,3629.14
2024-03-26T21:00:00.000000Z,10275,3628.505,3631.125,3625.863,3629.029,3628.505,3631.125,3625.863,3629.029,3629.59,3632.117,3626.864,3630.031
2024-03-27T01:00:00.000000Z,27511,3629.089,3639.51,3627.637,3630.595,3629.089,3639.51,3627.637,3630.595,3630.031,3640.636,3628.729,3631.493
2024-03-27T05:00:00.000000Z,28946,3630.656,3636.676,3626.574,3629.799,3630.656,3636.676,3626.574,3629.799,3631.493,3637.586,3627.528,3630.784
2024-03-27T09:00:00.000000Z,47432,3629.749,3657.691,3627.547,3646.137,3629.749,3657.691,3627.547,3646.137,3630.751,3658.861,3628.561,3647.008
2024-03-27T13:00:00.000000Z,57935,3646.17,3656.358,3641.58,3654.257,3646.17,3656.358,3641.58,3654.257,3647.008,3657.361,3642.539,3655.239
2024-03-27T17:00:00.000000Z,23660,3654.113,3656.753,3649.698,3654.868,3654.113,3656.753,3649.698,3654.868,3655.217,3657.746,3650.602,3656.049
2024-03-27T21:00:00.000000Z,16053,3656.022,3661.619,3652.239,3653.773,3656.022,3661.619,3652.239,3653.773,3661.022,3662.801,3653.499,3654.672
2024-03-28T01:00:00.000000Z,29536,3653.917,3665.825,3649.897,3663.978,3653.917,3665.825,3649.897,3663.978,3654.877,3666.852,3650.906,3664.933
2024-03-28T05:00:00.000000Z,35825,3663.978,3681.634,3662.481,3679.717,3663.978,3681.634,3662.481,3679.717,3664.888,3682.48,3663.425,3680.73
2024-03-28T09:00:00.000000Z,57928,3679.84,3716.545,3677.479,3709.055,3679.84,3716.545,3677.479,3709.055,3680.853,3717.536,3678.427,3709.912
2024-03-28T13:00:00.000000Z,72692,3709.105,3717.136,3683.594,3711.625,3709.105,3717.136,3683.594,3711.625,3709.945,3718.25,3684.584,3712.626
2024-03-28T17:00:00.000000Z,26576,3711.692,3743.433,3707.022,3738.08,3711.692,3743.433,3707.022,3738.08,3712.643,3744.73,3708.107,3739.589
2024-03-28T21:00:00.000000Z,14,3747.924,3747.956,3747.733,3747.924,3747.924,3747.956,3747.733,3747.924,3752.924,3752.956,3752.733,3752.924
2024-03-29T17:00:00.000000Z,1,3747.924,3747.924,3747.924,3747.924,3747.924,3747.924,3747.924,3747.924,3752.924,3752.924,3752.924,3752.924
2024-03-31T21:00:00.000000Z,25845,3737.596,3765.873,3736.274,3755.876,3737.596,3765.873,3736.274,3755.876,3738.769,3766.741,3737.73,3756.966
2024-04-01T01:00:00.000000Z,37954,3755.926,3785.693,3755.926,3778.824,3755.926,3785.693,3755.926,3778.824,3757.117,3786.857,3757.071,3779.875
2024-04-01T05:00:00.000000Z,24869,3778.887,3785.823,3770.192,3772.543,3778.887,3785.823,3770.192,3772.543,3779.938,3786.837,3771.258,3773.576
2024-04-01T09:00:00.000000Z,34289,3772.56,3774.753,3756.906,3772.389,3772.56,3774.753,3756.906,3772.389,3773.576,3775.69,3757.906,3773.327
2024-04-01T13:00:00.000000Z,68114,3772.389,3780.814,3746.215,3765.456,3772.389,3780.814,3746.215,3765.456,3773.264,3781.698,3747.149,3766.522
2024-04-01T17:00:00.000000Z,19833,3765.49,3781.607,3759.157,3781.439,3765.49,3781.607,3759.157,3781.439,3766.522,3782.847,3759.949,3782.813
2024-04-01T21:00:00.000000Z,16604,3778.483,3788.722,3777.632,3781.931,3778.483,3788.722,3777.632,3781.931,3779.821,3789.923,3778.749,3782.837
2024-04-02T01:00:00.000000Z,34291,3781.931,3799.182,3775.257,3794.561,3781.931,3799.182,3775.257,3794.561,3782.773,3800.102,3776.289,3795.709
2024-04-02T05:00:00.000000Z,42624,3794.625,3800.177,3787.216,3796.073,3794.625,3800.177,3787.216,3796.073,3795.625,3801.15,3788.303,3797.043
2024-04-02T09:00:00.000000Z,48792,3796.137,3803.855,3782.413,3790.388,3796.137,3803.855,3782.413,3790.388,3797.076,3804.848,3783.445,3791.374
2024-04-02T13:00:00.000000Z,81410,3790.451,3813.301,3775.723,3790.72,3790.451,3813.301,3775.723,3790.72,3791.374,3814.353,3776.675,3791.789
2024-04-02T17:00:00.000000Z,30367,3790.703,3820.385,3789.382,3818.645,3790.703,3820.385,3789.382,3818.645,3791.823,3821.402,3790.418,3819.89
2024-04-02T21:00:00.000000Z,19661,3820.469,3833.347,3815.8,3831.034,3820.469,3833.347,3815.8,3831.034,3821.196,3834.368,3816.789,3831.958
2024-04-03T01:00:00.000000Z,31723,3831.101,3836.038,3822.768,3823.448,3831.101,3836.038,3822.768,3823.448,3831.974,3836.961,3823.79,3824.482
2024-04-03T05:00:00.000000Z,42598,3823.415,3825.958,3800.598,3810.167,3823.415,3825.958,3800.598,3810.167,3824.449,3827.052,3801.484,3811.351
2024-04-03T09:00:00.000000Z,50537,3810.183,3813.522,3797.43,3811.974,3810.183,3813.522,3797.43,3811.974,3811.384,3814.556,3798.178,3813.01
2024-04-03T13:00:00.000000Z,87596,3812.091,3822.214,3802.091,3820.123,3812.091,3822.214,3802.091,3820.123,3813.111,3823.165,3803.076,3821.13
2024-04-03T17:00:00.000000Z,28564,3820.123,3828.733,3812.676,3826.724,3820.123,3828.733,3812.676,3826.724,3821.146,3830.105,3813.893,3828.166
2024-04-03T21:00:00.000000Z,19515,3824.119,3829.79,3817.329,3821.787,3824.119,3829.79,3817.329,3821.787,3826.136,3831.14,3818.409,3822.852
2024-04-04T01:00:00.000000Z,25236,3821.936,3825.501,3812.251,3813.383,3821.936,3825.501,3812.251,3813.383,3822.985,3826.744,3813.286,3814.399
2024-04-04T05:00:00.000000Z,35314,3813.4,3815.418,3795.063,3795.251,3813.4,3815.418,3795.063,3795.251,3814.399,3816.37,3796.043,3796.182
2024-04-04T09:00:00.000000Z,41706,3795.218,3799.008,3782.893,3786.797,3795.218,3799.008,3782.893,3786.797,3796.182,3799.939,3783.873,3787.652
2024-04-04T13:00:00.000000Z,55832,3786.88,3806.196,3780.824,3784.777,3786.88,3806.196,3780.824,3784.777,3787.668,3807.243,3781.82,3785.731
2024-04-04T17:00:00.000000Z,49294,3784.793,3818.909,3784.078,3801.761,3784.793,3818.909,3784.078,3801.761,3785.731,3820.024,3785.128,3803.015
2024-04-04T21:00:00.000000Z,19877,3801.399,3804.83,3786.015,3786.131,3801.399,3804.83,3786.015,3786.131,3802.752,3806.035,3786.929,3787.032
2024-04-05T01:00:00.000000Z,38792,3786.098,3793.897,3765.593,3791.368,3786.098,3793.897,3765.593,3791.368,3787.015,3794.75,3766.648,3792.337
2024-04-05T05:00:00.000000Z,43207,3791.431,3809.005,3788.063,3801.325,3791.431,3809.005,3788.063,3801.325,3792.37,3809.921,3789.061,3802.111
2024-04-05T09:00:00.000000Z,54790,3801.375,3820.286,3798.787,3820.129,3801.375,3820.286,3798.787,3820.129,3802.111,3821.437,3799.848,3821.194
2024-04-05T13:00:00.000000Z,106492,3820.149,3870.306,3817.553,3868.604,3820.149,3870.306,3817.553,3868.604,3821.167,3871.18,3818.657,3869.654
2024-04-05T17:00:00.000000Z,31702,3868.719,3875.269,3858.914,3874.059,3868.719,3875.269,3858.914,3874.059,3869.704,3876.261,3859.883,3875.748
2024-04-07T21:00:00.000000Z,26964,3874.333,3875.731,3836.862,3839.817,3874.333,3875.731,3836.862,3839.817,3875.519,3877.507,3838.183,3841.015
2024-04-08T01:00:00.000000Z,69622,3839.781,3910.994,3833.092,3894.555,3839.781,3910.994,3833.092,3894.555,3841.01,3912.212,3834.274,3895.806
2024-04-08T05:00:00.000000Z,58296,3894.473,3895.987,3875.836,3885.702,3894.473,3895.987,3875.836,3885.702,3895.742,3897.076,3876.859,3886.526
2024-04-08T09:00:00.000000Z,59964,3885.718,3891.09,3860.41,3866.792,3885.718,3891.09,3860.41,3866.792,3886.543,3892.18,3861.317,3867.727
2024-04-08T13:00:00.000000Z,90676,3866.792,3873.488,3845.495,3861.725,3866.792,3873.488,3845.495,3861.725,3867.791,3874.407,3846.445,3862.598
2024-04-08T17:00:00.000000Z,26232,3861.858,3880.964,3860.035,3877.439,3861.858,3880.964,3860.035,3877.439,3862.764,3881.919,3860.967,3878.411
2024-04-08T21:00:00.000000Z,12470,3874.749,3878.872,3871.765,3874.819,3874.749,3878.872,3871.765,3874.819,3876.041,3879.837,3872.706,3875.756
2024-04-09T01:00:00.000000Z,38832,3874.72,3884.706,3868.536,3879.238,3874.72,3884.706,3868.536,3879.238,3875.624,3885.759,3869.669,3880.483
2024-04-09T05:00:00.000000Z,45498,3879.238,3907.04,3879.006,3901.027,3879.238,3907.04,3879.006,3901.027,3880.419,3908.043,3880.053,3902.029
2024-04-09T09:00:00.000000Z,63940,3901.242,3910.198,3869.285,3872.944,3901.242,3910.198,3869.285,3872.944,3902.095,3911.224,3870.107,3873.879
2024-04-09T13:00:00.000000Z,101850,3872.927,3894.807,3861.388,3873.496,3872.927,3894.807,3861.388,3873.496,3873.846,3895.792,3862.439,3874.691
2024-04-09T17:00:00.000000Z,30227,3873.623,3884.431,3869.131,3881.597,3873.623,3884.431,3869.131,3881.597,3874.691,3885.513,3870.082,3882.452
2024-04-09T21:00:00.000000Z,12229,3883.388,3884.448,3876.696,3879.098,3883.388,3884.448,3876.696,3879.098,3884.353,3885.888,3877.454,3880.081
2024-04-10T01:00:00.000000Z,34699,3879.098,3881.922,3865.922,3879.215,3879.098,3881.922,3865.922,3879.215,3880.145,3886.793,3866.93,3880.213
2024-04-10T05:00:00.000000Z,47700,3879.279,3887.364,3874.286,3876.113,3879.279,3887.364,3874.286,3876.113,3880.213,3888.395,3875.284,3877.046
2024-04-10T09:00:00.000000Z,65698,3876.049,3900.853,3858.49,3886.736,3876.049,3900.853,3858.49,3886.736,3877.046,3901.989,3859.515,3887.612
2024-04-10T13:00:00.000000Z,118876,3886.688,3925.358,3863.178,3911.582,3886.688,3925.358,3863.178,3911.582,3887.581,3926.268,3864.006,3912.624
2024-04-10T17:00:00.000000Z,50804,3911.649,3921.361,3894.358,3905.464,3911.649,3921.361,3894.358,3905.464,3912.624,3922.402,3895.331,3906.734
2024-04-10T21:00:00.000000Z,16519,3906.835,3909.322,3902.222,3907.823,3906.835,3909.322,3902.222,3907.823,3907.533,3910.392,3903.377,3908.997
2024-04-11T01:00:00.000000Z,36087,3907.758,3922.464,3906.249,3913.687,3907.758,3922.464,3906.249,3913.687,3908.997,3923.537,3907.289,3914.661
2024-04-11T05:00:00.000000Z,56540,3913.557,3914.643,3886.137,3887.865,3913.557,3914.643,3886.137,3887.865,3914.595,3915.683,3887.075,3888.839
2024-04-11T09:00:00.000000Z,71396,3887.881,3908.126,3887.705,3897.178,3887.881,3908.126,3887.705,3897.178,3888.952,3908.924,3888.712,3898.199
2024-04-11T13:00:00.000000Z,101141,3897.113,3926.194,3892.007,3925.606,3897.113,3926.194,3892.007,3925.606,3898.199,3927.177,3893.013,3926.614
2024-04-11T17:00:00.000000Z,51534,3925.672,3964.816,3922.392,3955.449,3925.672,3964.816,3922.392,3955.449,3926.614,3965.626,3923.334,3956.689
2024-04-11T21:00:00.000000Z,19805,3955.511,3962.244,3950.126,3961.265,3955.511,3962.244,3950.126,3961.265,3956.668,3963.252,3950.701,3962.306
2024-04-12T01:00:00.000000Z,62254,3961.465,3986.337,3961.035,3977.016,3961.465,3986.337,3961.035,3977.016,3962.307,3987.263,3962.076,3978.076
2024-04-12T05:00:00.000000Z,66784,3977.033,4015.897,3974.985,4011.185,3977.033,4015.897,3974.985,4011.185,3978.076,4016.86,3975.961,4012.147
2024-04-12T09:00:00.000000Z,63375,4011.185,4028.662,4007.605,4024.448,4011.185,4028.662,4007.605,4024.448,4012.046,4029.688,4008.651,4025.581
2024-04-12T13:00:00.000000Z,153320,4024.465,4088.698,3975.603,3988.944,4024.465,4088.698,3975.603,3988.944,4025.614,4089.819,3976.668,3989.958
2024-04-12T17:00:00.000000Z,59807,3989.028,3994.451,3934.085,3948.128,3989.028,3994.451,3934.085,3948.128,3989.958,3995.633,3935.264,3949.508
2024-04-14T21:00:00.000000Z,36144,3971.972,3994.467,3949.531,3964.892,3971.972,3994.467,3949.531,3964.892,3974.195,3996.676,3951.267,3965.822
2024-04-15T01:00:00.000000Z,49584,3964.825,3976.863,3958.17,3961.958,3964.825,3976.863,3958.17,3961.958,3965.822,3977.943,3959.316,3963.087
2024-04-15T05:00:00.000000Z,67318,3961.806,3970.123,3947.992,3958.242,3961.806,3970.123,3947.992,3958.242,3962.935,3971.272,3949.054,3959.222
2024-04-15T09:00:00.000000Z,60454,3958.326,3977.959,3946.812,3971.297,3958.326,3977.959,3946.812,3971.297,3959.289,3978.806,3947.842,3972.295
2024-04-15T13:00:00.000000Z,103922,3971.416,3986.728,3929.966,3982.183,3971.416,3986.728,3929.966,3982.183,3972.345,3987.93,3930.645,3983.182
2024-04-15T17:00:00.000000Z,49852,3982.2,4043.706,3976.105,4036.986,3982.2,4043.706,3976.105,4036.986,3983.182,4044.675,3977.121,4037.936
2024-04-15T21:00:00.000000Z,20207,4034.772,4050.453,4030.138,4044.711,4034.772,4050.453,4030.138,4044.711,4035.859,4051.385,4031.208,4045.886
2024-04-16T01:00:00.000000Z,49130,4044.78,4064.044,4041.684,4053.405,4044.78,4064.044,4041.684,4053.405,4045.886,4065.117,4042.653,4054.545
2024-04-16T05:00:00.000000Z,68541,4053.473,4055.802,4012.627,4023.734,4053.473,4055.802,4012.627,4023.734,4054.596,4057.028,4013.714,4024.924
2024-04-16T09:00:00.000000Z,62661,4023.887,4037.338,4019.552,4036.775,4023.887,4037.338,4019.552,4036.775,4024.89,4038.376,4020.554,4037.846
2024-04-16T13:00:00.000000Z,122198,4036.926,4074.577,4016.136,4072.321,4036.926,4074.577,4016.136,4072.321,4037.811,4075.703,4016.917,4073.531
2024-04-16T17:00:00.000000Z,64010,4072.39,4072.492,4044.328,4051.923,4072.39,4072.492,4044.328,4051.923,4073.531,4073.702,4045.587,4052.827
2024-04-16T21:00:00.000000Z,21056,4051.586,4065.615,4035.83,4041.316,4051.586,4065.615,4035.83,4041.316,4052.743,4067.274,4036.849,4042.625
2024-04-17T01:00:00.000000Z,37837,4041.316,4045.227,4029.734,4035.264,4041.316,4045.227,4029.734,4035.264,4042.557,4046.297,4030.767,4036.181
2024-04-17T05:00:00.000000Z,62225,4035.248,4050.747,4021.483,4049.544,4035.248,4050.747,4021.483,4049.544,4036.097,4051.715,4022.382,4050.598
2024-04-17T09:00:00.000000Z,61648,4049.544,4054.005,4028.633,4035.911,4049.544,4054.005,4028.633,4035.911,4050.615,4054.904,4029.719,4036.879
2024-04-17T13:00:00.000000Z,106693,4035.911,4057.755,4002.534,4020.669,4035.911,4057.755,4002.534,4020.669,4036.76,4058.777,4003.603,4021.671
2024-04-17T17:00:00.000000Z,50317,4020.516,4020.924,3979.235,3990.086,4020.516,4020.924,3979.235,3990.086,4021.671,4021.959,3980.573,3991.339
2024-04-17T21:00:00.000000Z,13644,3996.104,4009.807,3993.806,4006.754,3996.104,4009.807,3993.806,4006.754,3997.34,4010.994,3995.244,4007.856
2024-04-18T01:00:00.000000Z,40584,4006.754,4011.793,3996.103,4011.239,4006.754,4011.793,3996.103,4011.239,4007.822,4012.892,3997.271,4012.154
2024-04-18T05:00:00.000000Z,52216,4011.458,4017.248,4004.374,4012.788,4011.458,4017.248,4004.374,4012.788,4012.391,4018.298,4005.322,4013.872
2024-04-18T09:00:00.000000Z,56155,4012.788,4029.009,4010.076,4026.595,4012.788,4029.009,4010.076,4026.595,4013.821,4029.959,4011.092,4027.459
2024-04-18T13:00:00.000000Z,104886,4026.561,4042.302,4004.52,4040.706,4026.561,4042.302,4004.52,4040.706,4027.391,4043.237,4005.486,4041.673
2024-04-18T17:00:00.000000Z,32740,4040.756,4045.917,4026.627,4029.977,4040.756,4045.917,4026.627,4029.977,4041.792,4046.852,4027.527,4031.218
2024-04-18T21:00:00.000000Z,14511,4030.683,4036.415,4024.83,4035.953,4030.683,4036.415,4024.83,4035.953,4032.195,4037.403,4025.747,4037.144
2024-04-19T01:00:00.000000Z,111086,4035.919,4121.302,4034.646,4050.947,4035.919,4121.302,4034.646,4050.947,4037.075,4122.465,4035.75,4052.157
2024-04-19T05:00:00.000000Z,72918,4050.947,4060.966,4037.087,4047.167,4050.947,4060.966,4037.087,4047.167,4052.225,4061.936,4038.209,4048.153
2024-04-19T09:00:00.000000Z,62318,4047.15,4049.77,4032.435,4039.722,4047.15,4049.77,4032.435,4039.722,4048.17,4050.79,4033.523,4040.896
2024-04-19T13:00:00.000000Z,88071,4039.757,4072.668,4027.385,4072.532,4039.757,4072.668,4027.385,4072.532,4040.982,4073.64,4028.456,4073.59
2024-04-19T17:00:00.000000Z,36710,4072.584,4076.18,4053.889,4062.012,4072.584,4076.18,4053.889,4062.012,4073.59,4077.322,4055.08,4063.322
2024-04-21T21:00:00.000000Z,18987,4046.38,4053.627,4031.417,4033.075,4046.38,4053.627,4031.417,4033.075,4048.459,4055.518,4032.538,4034.179
2024-04-22T01:00:00.000000Z,42069,4033.058,4033.719,3991.607,4008.195,4033.058,4033.719,3991.607,4008.195,4034.231,4034.891,3992.657,4009.093
2024-04-22T05:00:00.000000Z,58172,4008.33,4012.059,3977.526,3994.455,4008.33,4012.059,3977.526,3994.455,4009.178,4013.161,3978.373,3995.421
2024-04-22T09:00:00.000000Z,64640,3994.37,3999.703,3948.268,3955.47,3994.37,3999.703,3948.268,3955.47,3995.353,4000.602,3949.337,3956.52
2024-04-22T13:00:00.000000Z,91046,3955.504,3971.252,3939.512,3940.536,3955.504,3971.252,3939.512,3940.536,3956.571,3972.251,3940.427,3941.316
2024-04-22T17:00:00.000000Z,30530,3940.536,3947.174,3925.261,3930.498,3940.536,3947.174,3925.261,3930.498,3941.383,3947.921,3926.544,3932.131
2024-04-22T21:00:00.000000Z,13937,3934.935,3942.942,3929.615,3936.184,3934.935,3942.942,3929.615,3936.184,3936.704,3944.224,3930.711,3937.131
2024-04-23T01:00:00.000000Z,58169,3936.016,3938.455,3878.467,3895.772,3936.016,3938.455,3878.467,3895.772,3936.963,3939.468,3879.695,3896.986
2024-04-23T05:00:00.000000Z,61865,3895.554,3913.966,3887.919,3898.743,3895.554,3913.966,3887.919,3898.743,3896.783,3915.013,3889.05,3899.64
2024-04-23T09:00:00.000000Z,63177,3898.692,3911.33,3880.748,3907.877,3898.692,3911.33,3880.748,3907.877,3899.691,3912.277,3881.776,3908.839
2024-04-23T13:00:00.000000Z,100749,3907.81,3925.681,3896.163,3923.479,3907.81,3925.681,3896.163,3923.479,3908.773,3926.926,3897.004,3924.641
2024-04-23T17:00:00.000000Z,34589,3923.479,3924.116,3912.245,3913.823,3923.479,3924.116,3912.245,3913.823,3924.556,3925.228,3913.236,3915.118
2024-04-23T21:00:00.000000Z,13424,3912.388,3916.816,3905.051,3905.201,3912.388,3916.816,3905.051,3905.201,3913.403,3917.996,3906.104,3906.261
2024-04-24T01:00:00.000000Z,42441,3905.201,3921.207,3895.263,3912.886,3905.201,3921.207,3895.263,3912.886,3906.195,3922.369,3896.422,3913.979
2024-04-24T05:00:00.000000Z,50062,3912.902,3921.062,3900.793,3905.642,3912.902,3921.062,3900.793,3905.642,3913.996,3922.174,3901.888,3906.586
2024-04-24T09:00:00.000000Z,50963,3905.642,3919.367,3893.551,3918.816,3905.642,3919.367,3893.551,3918.816,3906.619,3920.263,3894.545,3919.596
2024-04-24T13:00:00.000000Z,89683,3918.699,3942.115,3902.109,3921.754,3918.699,3942.115,3902.109,3921.754,3919.613,3943.33,3903.153,3922.834
2024-04-24T17:00:00.000000Z,35346,3921.703,3928.53,3897.911,3900.769,3921.703,3928.53,3897.911,3900.769,3922.75,3929.441,3898.841,3902.297
2024-04-24T21:00:00.000000Z,10667,3904.796,3907.13,3899.004,3904.505,3904.796,3907.13,3899.004,3904.505,3906.405,3908.292,3900.384,3905.665
2024-04-25T01:00:00.000000Z,32293,3904.505,3907.249,3881.362,3895.974,3904.505,3907.249,3881.362,3895.974,3905.599,3908.259,3882.629,3896.903
2024-04-25T05:00:00.000000Z,44499,3895.908,3906.991,3894.414,3901.851,3895.908,3906.991,3894.414,3901.851,3896.903,3908.001,3895.523,3902.695
2024-04-25T09:00:00.000000Z,50386,3901.835,3935.263,3899.314,3930.422,3901.835,3935.263,3899.314,3930.422,3902.958,3935.974,3900.317,3931.335
2024-04-25T13:00:00.000000Z,108212,3930.456,3946.398,3904.584,3916.844,3930.456,3946.398,3904.584,3916.844,3931.353,3947.444,3905.733,3917.806
2024-04-25T17:00:00.000000Z,39681,3916.86,3925.672,3912.588,3920.478,3916.86,3925.672,3912.588,3920.478,3917.84,3926.729,3913.715,3921.804
2024-04-25T21:00:00.000000Z,10100,3919.77,3920.954,3905.549,3906.488,3919.77,3920.954,3905.549,3906.488,3921.306,3922.33,3906.622,3907.66
2024-04-26T01:00:00.000000Z,30111,3906.471,3925.709,3900.533,3921.335,3906.471,3925.709,3900.533,3921.335,3907.66,3926.754,3901.509,3922.494
2024-04-26T05:00:00.000000Z,50103,3921.335,3939.074,3915.268,3936.582,3921.335,3939.074,3915.268,3936.582,3922.477,3940.416,3916.054,3937.608
2024-04-26T09:00:00.000000Z,48760,3936.582,3949.401,3934.328,3937.682,3936.582,3949.401,3934.328,3937.682,3937.674,3950.363,3936.473,3938.726
2024-04-26T13:00:00.000000Z,89161,3937.682,3946.224,3918.145,3927.529,3937.682,3946.224,3918.145,3927.529,3938.809,3947.136,3919.141,3928.641
2024-04-26T17:00:00.000000Z,25911,3927.595,3938.359,3924.741,3935.682,3927.595,3938.359,3924.741,3935.682,3928.641,3939.253,3925.802,3937.293
2024-04-28T21:00:00.000000Z,12183,3925.308,3929.774,3916.644,3919.248,3925.308,3929.774,3916.644,3919.248,3926.732,3930.867,3917.671,3920.24
2024-04-29T01:00:00.000000Z,53102,3919.248,3919.248,3894.793,3904.308,3919.248,3919.248,3894.793,3904.308,3920.174,3920.174,3895.999,3905.086
2024-04-29T05:00:00.000000Z,67703,3904.308,3925.078,3897.976,3920.075,3904.308,3925.078,3897.976,3920.075,3905.151,3926.038,3899.067,3921.037
2024-04-29T09:00:00.000000Z,47944,3920.092,3923.769,3902.236,3908.518,3920.092,3923.769,3902.236,3908.518,3920.936,3924.811,3903.163,3909.609
2024-04-29T13:00:00.000000Z,76931,3908.418,3925.148,3900.849,3917.61,3908.418,3925.148,3900.849,3917.61,3909.525,3926.273,3901.691,3918.75
2024-04-29T17:00:00.000000Z,32068,3917.694,3921.62,3903.162,3906.411,3917.694,3921.62,3903.162,3906.411,3918.867,3922.679,3904.17,3907.602
2024-04-29T21:00:00.000000Z,13190,3906.545,3911.549,3902.489,3910.003,3906.545,3911.549,3902.489,3910.003,3907.768,3912.41,3903.447,3911.144
2024-04-30T01:00:00.000000Z,33545,3909.97,3917.472,3904.862,3910.295,3909.97,3917.472,3904.862,3910.295,3911.11,3918.533,3905.708,3911.355
2024-04-30T05:00:00.000000Z,43780,3910.312,3916.61,3887.88,3891.329,3910.312,3916.61,3887.88,3891.329,3911.355,3917.537,3888.789,3892.42
2024-04-30T09:00:00.000000Z,58401,3891.329,3898.157,3879.6,3896.803,3891.329,3898.157,3879.6,3896.803,3892.387,3899.202,3882.356,3897.884
2024-04-30T13:00:00.000000Z,92089,3896.737,3908.811,3874.712,3885.698,3896.737,3908.811,3874.712,3885.698,3897.884,3909.856,3875.59,3886.678
2024-04-30T17:00:00.000000Z,36635,3885.698,3892.878,3880.418,3883.028,3885.698,3892.878,3880.418,3883.028,3886.612,3893.706,3881.33,3884.035
2024-04-30T21:00:00.000000Z,13465,3885.58,3901.139,3884.629,3886.013,3885.58,3901.139,3884.629,3886.013,3886.927,3902.322,3886.078,3887.16
2024-05-01T01:00:00.000000Z,20254,3885.877,3889.109,3875.072,3878.36,3885.877,3889.109,3875.072,3878.36,3887.041,3890.14,3876.051,3879.457
2024-05-01T05:00:00.000000Z,27035,3878.423,3889.162,3877.602,3881.152,3878.423,3889.162,3877.602,3881.152,3879.321,3890.287,3878.614,3882.135
2024-05-01T09:00:00.000000Z,45133,3881.135,3899.747,3879.81,3896.197,3881.135,3899.747,3879.81,3896.197,3882.135,3900.658,3880.81,3897.226
2024-05-01T13:00:00.000000Z,79328,3896.231,3914.405,3890.202,3905.95,3896.231,3914.405,3890.202,3905.95,3897.26,3915.369,3891.254,3907.015
2024-05-01T17:00:00.000000Z,89963,3905.916,3922.464,3892.502,3910.854,3905.916,3922.464,3892.502,3910.854,3906.846,3923.677,3895.518,3912.448
2024-05-01T21:00:00.000000Z,18628,3908.385,3927.512,3908.385,3925.324,3908.385,3927.512,3908.385,3925.324,3911.017,3928.626,3910.738,3926.353
2024-05-02T01:00:00.000000Z,29135,3925.307,3927.754,3909.162,3910.724,3925.307,3927.754,3909.162,3910.724,3926.285,3928.72,3910.063,3911.836
2024-05-02T05:00:00.000000Z,52702,3910.724,3910.724,3881.631,3882.267,3910.724,3910.724,3881.631,3882.267,3911.77,3911.836,3882.589,3883.11
2024-05-02T09:00:00.000000Z,64795,3882.267,3885.785,3867.704,3869.5,3882.267,3885.785,3867.704,3869.5,3883.044,3886.797,3868.696,3870.658
2024-05-02T13:00:00.000000Z,99617,3869.515,3890.663,3855.364,3864.772,3869.515,3890.663,3855.364,3864.772,3870.574,3891.587,3856.31,3865.815
2024-05-02T17:00:00.000000Z,39552,3864.755,3876.37,3859.578,3863.656,3864.755,3876.37,3859.578,3863.656,3865.815,3877.512,3860.491,3864.815
2024-05-02T21:00:00.000000Z,15968,3864.561,3865.351,3858.388,3859.27,3864.561,3865.351,3858.388,3859.27,3865.879,3866.508,3859.46,3860.216
2024-05-03T01:00:00.000000Z,25299,3859.22,3866.316,3850.262,3865.925,3859.22,3866.316,3850.262,3865.925,3860.149,3867.302,3851.369,3866.902
2024-05-03T05:00:00.000000Z,37366,3865.959,3866.886,3846.107,3847.893,3865.959,3866.886,3846.107,3847.893,3867.0,3867.798,3846.935,3848.656
2024-05-03T09:00:00.000000Z,56136,3847.776,3850.738,3811.244,3817.018,3847.776,3850.738,3811.244,3817.018,3848.489,3851.616,3812.106,3817.826
2024-05-03T13:00:00.000000Z,114686,3817.001,3826.809,3779.658,3824.251,3817.001,3826.809,3779.658,3824.251,3817.78,3827.645,3780.529,3825.124
2024-05-03T17:00:00.000000Z,26318,3824.218,3831.764,3815.589,3828.952,3824.218,3831.764,3815.589,3828.952,3825.141,3832.895,3816.611,3830.557
2024-05-05T21:00:00.000000Z,17816,3830.588,3833.783,3815.752,3822.91,3830.588,3833.783,3815.752,3822.91,3831.913,3834.962,3816.933,3824.177
2024-05-06T01:00:00.000000Z,45131,3822.926,3852.902,3822.532,3848.348,3822.926,3852.902,3822.532,3848.348,3824.16,3854.301,3823.73,3849.615
2024-05-06T05:00:00.000000Z,41821,3848.232,3863.182,3844.112,3851.062,3848.232,3863.182,3844.112,3851.062,3849.498,3864.243,3845.229,3852.344
2024-05-06T09:00:00.000000Z,34519,3851.079,3863.327,3841.246,3854.057,3851.079,3863.327,3841.246,3854.057,3852.344,3864.327,3842.409,3855.387
2024-05-06T13:00:00.000000Z,58940,3854.057,3872.717,3851.764,3868.177,3854.057,3872.717,3851.764,3868.177,3855.403,3873.82,3852.869,3869.298
2024-05-06T17:00:00.000000Z,24721,3868.177,3875.342,3859.462,3865.93,3868.177,3875.342,3859.462,3865.93,3869.281,3876.468,3860.535,3867.08
2024-05-06T21:00:00.000000Z,13689,3868.441,3873.723,3864.411,3867.509,3868.441,3873.723,3864.411,3867.509,3869.824,3875.005,3865.353,3868.399
2024-05-07T01:00:00.000000Z,32441,3867.509,3870.627,3859.946,3864.312,3867.509,3870.627,3859.946,3864.312,3868.463,3871.581,3861.082,3865.381
2024-05-07T05:00:00.000000Z,41474,3864.279,3866.803,3850.79,3853.088,3864.279,3866.803,3850.79,3853.088,3865.415,3867.876,3851.583,3854.059
2024-05-07T09:00:00.000000Z,45258,3853.021,3855.98,3843.381,3849.957,3853.021,3855.98,3843.381,3849.957,3853.993,3856.942,3844.351,3850.78
2024-05-07T13:00:00.000000Z,65189,3849.876,3861.947,3842.684,3848.8,3849.876,3861.947,3842.684,3848.8,3850.65,3862.967,3843.97,3849.804
2024-05-07T17:00:00.000000Z,26711,3848.8,3860.453,3847.883,3854.94,3848.8,3860.453,3847.883,3854.94,3849.74,3861.442,3848.924,3856.016
2024-05-07T21:00:00.000000Z,10221,3858.284,3864.051,3855.87,3860.61,3858.284,3864.051,3855.87,3860.61,3859.473,3865.115,3856.885,3861.663
2024-05-08T01:00:00.000000Z,31242,3860.643,3871.469,3853.021,3870.12,3860.643,3871.469,3853.021,3870.12,3861.663,3872.392,3853.965,3871.129
2024-05-08T05:00:00.000000Z,38218,3870.12,3873.936,3847.264,3856.292,3870.12,3873.936,3847.264,3856.292,3871.145,3875.071,3848.236,3857.263
2024-05-08T09:00:00.000000Z,42282,3856.259,3873.454,3855.431,3865.209,3856.259,3873.454,3855.431,3865.209,3857.263,3874.265,3856.37,3866.296
2024-05-08T13:00:00.000000Z,64499,3865.175,3867.832,3850.068,3861.661,3865.175,3867.832,3850.068,3861.661,3866.196,3868.806,3851.007,3862.764
2024-05-08T17:00:00.000000Z,19503,3861.677,3862.606,3843.96,3844.261,3861.677,3862.606,3843.96,3844.261,3862.716,3863.612,3844.976,3845.786
2024-05-08T21:00:00.000000Z,10326,3846.539,3853.413,3842.731,3852.261,3846.539,3853.413,3842.731,3852.261,3847.997,3854.547,3843.93,3853.297
2024-05-09T01:00:00.000000Z,26167,3852.197,3855.883,3843.572,3855.323,3852.197,3855.883,3843.572,3855.323,3853.169,3857.002,3844.593,3856.264
2024-05-09T05:00:00.000000Z,37815,3855.423,3864.008,3848.973,3853.137,3855.423,3864.008,3848.973,3853.137,3856.38,3864.963,3849.847,3854.042
2024-05-09T09:00:00.000000Z,54508,3853.117,3871.0,3844.892,3867.545,3853.117,3871.0,3844.892,3867.545,3853.942,3871.922,3845.716,3868.483
2024-05-09T13:00:00.000000Z,82002,3867.478,3884.27,3847.672,3868.294,3867.478,3884.27,3847.672,3868.294,3868.45,3884.998,3848.597,3869.232
2024-05-09T17:00:00.000000Z,30743,3868.358,3889.736,3867.898,3887.629,3868.358,3889.736,3867.898,3887.629,3869.198,3890.533,3868.731,3888.62
2024-05-09T21:00:00.000000Z,11141,3885.842,3894.132,3883.306,3893.5,3885.842,3894.132,3883.306,3893.5,3887.547,3895.087,3884.344,3894.325
2024-05-10T01:00:00.000000Z,34332,3893.633,3909.266,3892.664,3908.086,3893.633,3909.266,3892.664,3908.086,3894.458,3910.028,3893.44,3909.042
2024-05-10T05:00:00.000000Z,45449,3908.151,3941.577,3906.849,3938.173,3908.151,3941.577,3906.849,3938.173,3909.042,3942.5,3907.872,3939.196
2024-05-10T09:00:00.000000Z,54822,3938.173,3953.474,3926.332,3930.065,3938.173,3953.474,3926.332,3930.065,3939.261,3954.415,3927.404,3931.137
2024-05-10T13:00:00.000000Z,78433,3930.065,3937.119,3919.612,3933.789,3930.065,3937.119,3919.612,3933.789,3931.088,3938.208,3920.567,3934.943
2024-05-10T17:00:00.000000Z,24743,3933.772,3938.322,3920.184,3920.65,3933.772,3938.322,3920.184,3920.65,3934.943,3939.346,3921.584,3922.032
2024-05-12T21:00:00.000000Z,12411,3924.887,3930.79,3918.914,3929.715,3924.887,3930.79,3918.914,3929.715,3926.799,3931.726,3920.101,3930.672
2024-05-13T01:00:00.000000Z,33790,3929.715,3930.371,3915.997,3919.045,3929.715,3930.371,3915.997,3919.045,3930.639,3931.59,3917.218,3920.117
2024-05-13T05:00:00.000000Z,43011,3919.11,3920.08,3893.335,3897.423,3919.11,3920.08,3893.335,3897.423,3920.182,3921.053,3894.387,3898.345
2024-05-13T09:00:00.000000Z,45808,3897.456,3901.357,3887.789,3894.528,3897.456,3901.357,3887.789,3894.528,3898.362,3902.376,3888.775,3895.58
2024-05-13T13:00:00.000000Z,75558,3894.544,3897.731,3876.418,3883.444,3894.544,3897.731,3876.418,3883.444,3895.613,3898.652,3877.339,3884.367
2024-05-13T17:00:00.000000Z,17529,3883.379,3886.21,3880.048,3881.799,3883.379,3886.21,3880.048,3881.799,3884.367,3887.117,3881.021,3883.21
2024-05-13T21:00:00.000000Z,9603,3884.004,3887.226,3880.657,3882.956,3884.004,3887.226,3880.657,3882.956,3885.379,3888.295,3881.613,3884.092
2024-05-14T01:00:00.000000Z,29266,3883.02,3900.197,3882.691,3896.709,3883.02,3900.197,3882.691,3896.709,3884.092,3901.203,3883.727,3897.779
2024-05-14T05:00:00.000000Z,36720,3896.609,3899.446,3878.753,3890.247,3896.609,3899.446,3878.753,3890.247,3897.663,3900.598,3879.547,3891.266
2024-05-14T09:00:00.000000Z,56909,3890.164,3902.337,3889.496,3898.798,3890.164,3902.337,3889.496,3898.798,3891.266,3903.259,3890.533,3899.739
2024-05-14T13:00:00.000000Z,78369,3898.765,3903.815,3889.169,3900.921,3898.765,3903.815,3889.169,3900.921,3899.705,3904.807,3890.138,3901.959
2024-05-14T17:00:00.000000Z,21967,3900.822,3907.135,3897.405,3902.395,3900.822,3907.135,3897.405,3902.395,3901.876,3908.066,3898.279,3903.562
2024-05-14T21:00:00.000000Z,9049,3902.803,3903.399,3893.418,3897.551,3902.803,3903.399,3893.418,3897.551,3904.23,3904.528,3894.638,3898.685
2024-05-15T01:00:00.000000Z,26732,3897.551,3901.285,3889.954,3891.197,3897.551,3901.285,3889.954,3891.197,3898.749,3902.369,3891.004,3892.249
2024-05-15T05:00:00.000000Z,41656,3891.117,3915.944,3885.7,3913.663,3891.117,3915.944,3885.7,3913.663,3892.168,3917.061,3886.619,3914.713
2024-05-15T09:00:00.000000Z,63709,3913.828,3916.395,3868.355,3899.534,3913.828,3916.395,3868.355,3899.534,3914.713,3917.264,3873.355,3900.407
2024-05-15T13:00:00.000000Z,104277,3899.469,3911.835,3881.515,3897.501,3899.469,3911.835,3881.515,3897.501,3900.374,3912.689,3882.352,3898.501
2024-05-15T17:00:00.000000Z,26748,3897.517,3906.761,3894.734,3896.756,3897.517,3906.761,3894.734,3896.756,3898.581,3907.455,3895.668,3898.317
2024-05-15T21:00:00.000000Z,17018,3900.352,3905.093,3897.251,3901.276,3900.352,3905.093,3897.251,3901.276,3901.737,3906.167,3898.259,3902.162
2024-05-16T01:00:00.000000Z,42986,3901.212,3910.705,3895.241,3904.681,3901.212,3910.705,3895.241,3904.681,3902.178,3911.655,3896.287,3905.775
2024-05-16T05:00:00.000000Z,45457,3904.745,3912.107,3902.198,3902.992,3904.745,3912.107,3902.198,3902.992,3905.775,3913.138,3903.26,3903.989
2024-05-16T09:00:00.000000Z,51545,3902.959,3908.319,3896.24,3897.392,3902.959,3908.319,3896.24,3897.392,3903.972,3909.256,3897.189,3898.344
2024-05-16T13:00:00.000000Z,72808,3897.328,3903.653,3876.651,3891.984,3897.328,3903.653,3876.651,3891.984,3898.424,3904.521,3877.551,3892.951
2024-05-16T17:00:00.000000Z,24320,3892.017,3893.723,3880.373,3882.017,3892.017,3893.723,3880.373,3882.017,3893.016,3894.737,3881.532,3883.065
2024-05-16T21:00:00.000000Z,10486,3883.847,3887.417,3881.651,3886.943,3883.847,3887.417,3881.651,3886.943,3885.024,3888.466,3882.821,3888.021
2024-05-17T01:00:00.000000Z,29266,3887.058,3897.754,3885.818,3892.023,3887.058,3897.754,3885.818,3892.023,3888.135,3898.756,3886.717,3892.989
2024-05-17T05:00:00.000000Z,37909,3892.087,3906.595,3888.829,3903.845,3892.087,3906.595,3888.829,3903.845,3893.052,3907.611,3889.745,3904.908
2024-05-17T09:00:00.000000Z,40199,3903.781,3916.8,3899.397,3915.331,3903.781,3916.8,3899.397,3915.331,3904.908,3917.538,3900.509,3916.378
2024-05-17T13:00:00.000000Z,88338,3915.428,3943.607,3915.413,3925.693,3915.428,3943.607,3915.413,3925.693,3916.314,3944.491,3916.283,3926.756
2024-05-17T17:00:00.000000Z,24675,3925.758,3948.122,3922.243,3935.705,3925.758,3948.122,3922.243,3935.705,3926.756,3949.265,3923.304,3937.51
2024-05-19T21:00:00.000000Z,19399,3951.695,3957.721,3938.853,3957.166,3951.695,3957.721,3938.853,3957.166,3953.081,3958.67,3939.932,3958.343
2024-05-20T01:00:00.000000Z,45472,3957.394,3980.603,3957.394,3975.382,3957.394,3980.603,3957.394,3975.382,3958.441,3981.668,3958.441,3976.35
2024-05-20T05:00:00.000000Z,53752,3975.317,3994.713,3968.792,3987.316,3975.317,3994.713,3968.792,3987.316,3976.35,3995.827,3969.759,3988.236
2024-05-20T09:00:00.000000Z,68690,3987.382,3999.834,3947.908,3955.813,3987.382,3999.834,3947.908,3955.813,3988.285,4000.819,3948.975,3956.88
2024-05-20T13:00:00.000000Z,43655,3955.436,3967.246,3945.94,3956.688,3955.436,3967.246,3945.94,3956.688,3956.093,3968.328,3946.907,3957.672
2024-05-20T17:00:00.000000Z,31898,3974.334,3989.435,3968.277,3973.565,3974.334,3989.435,3968.277,3973.565,3975.303,3990.469,3969.327,3974.763
2024-05-20T21:00:00.000000Z,12067,3974.452,3979.316,3969.541,3976.373,3974.452,3979.316,3969.541,3976.373,3975.796,3980.611,3970.543,3977.554
2024-05-21T01:00:00.000000Z,55731,3976.373,3983.722,3946.991,3954.021,3976.373,3983.722,3946.991,3954.021,3977.489,3984.756,3948.222,3954.941
2024-05-21T05:00:00.000000Z,47553,3953.956,3966.558,3949.91,3962.789,3953.956,3966.558,3949.91,3962.789,3955.006,3967.526,3951.148,3963.708
2024-05-21T09:00:00.000000Z,53151,3962.641,3983.996,3953.222,3977.13,3962.641,3983.996,3953.222,3977.13,3963.626,3984.768,3954.189,3978.05
2024-05-21T13:00:00.000000Z,96933,3977.195,3989.589,3969.544,3975.515,3977.195,3989.589,3969.544,3975.515,3977.985,3990.444,3970.496,3976.502
2024-05-21T17:00:00.000000Z,28490,3975.598,3977.804,3965.303,3973.603,3975.598,3977.804,3965.303,3973.603,3976.584,3978.821,3966.272,3974.834
2024-05-21T21:00:00.000000Z,10163,3971.83,3974.642,3967.783,3967.948,3971.83,3974.642,3967.783,3967.948,3973.076,3975.873,3968.768,3969.096
2024-05-22T01:00:00.000000Z,42912,3968.014,3972.859,3935.758,3943.8,3968.014,3972.859,3935.758,3943.8,3969.096,3973.91,3936.9,3944.784
2024-05-22T05:00:00.000000Z,53292,3943.687,3956.316,3936.478,3952.292,3943.687,3956.316,3936.478,3952.292,3944.703,3957.332,3937.474,3953.405
2024-05-22T09:00:00.000000Z,61788,3952.586,3956.907,3937.8,3946.177,3952.586,3956.907,3937.8,3946.177,3953.699,3958.035,3938.8,3947.177
2024-05-22T13:00:00.000000Z,97236,3946.208,3947.019,3899.979,3915.314,3946.208,3947.019,3899.979,3915.314,3947.225,3948.067,3900.894,3916.509
2024-05-22T17:00:00.000000Z,49969,3915.314,3921.393,3899.272,3901.913,3915.314,3921.393,3899.272,3901.913,3916.606,3922.395,3900.383,3903.172
2024-05-22T21:00:00.000000Z,13919,3900.076,3905.55,3896.783,3899.15,3900.076,3905.55,3896.783,3899.15,3905.076,3906.621,3897.797,3900.342
2024-05-23T01:00:00.000000Z,45187,3899.214,3901.37,3871.462,3877.143,3899.214,3901.37,3871.462,3877.143,3900.406,3902.465,3872.59,3878.187
2024-05-23T05:00:00.000000Z,61066,3877.29,3878.784,3851.05,3859.503,3877.29,3878.784,3851.05,3859.503,3878.334,3879.943,3852.248,3860.675
2024-05-23T09:00:00.000000Z,61415,3859.47,3866.961,3852.249,3855.492,3859.47,3866.961,3852.249,3855.492,3860.626,3867.909,3853.369,3856.486
2024-05-23T13:00:00.000000Z,117734,3855.443,3865.804,3829.57,3832.783,3855.443,3865.804,3829.57,3832.783,3856.486,3867.863,3830.599,3833.766
2024-05-23T17:00:00.000000Z,44806,3832.8,3837.408,3815.146,3817.614,3832.8,3837.408,3815.146,3817.614,3833.766,3838.419,3816.271,3818.551
2024-05-23T21:00:00.000000Z,12593,3818.03,3826.247,3817.887,3821.739,3818.03,3826.247,3817.887,3821.739,3819.109,3827.179,3818.96,3822.703
2024-05-24T01:00:00.000000Z,39519,3821.755,3833.634,3816.729,3828.975,3821.755,3833.634,3816.729,3828.975,3822.749,3834.747,3817.746,3830.019
2024-05-24T05:00:00.000000Z,42809,3828.806,3839.548,3826.578,3832.434,3828.806,3839.548,3826.578,3832.434,3829.77,3840.658,3827.685,3833.463
2024-05-24T09:00:00.000000Z,46593,3832.45,3836.11,3824.597,3827.942,3832.45,3836.11,3824.597,3827.942,3833.48,3837.188,3825.53,3828.903
2024-05-24T13:00:00.000000Z,72358,3827.945,3839.924,3810.752,3814.756,3827.945,3839.924,3810.752,3814.756,3828.843,3840.822,3811.885,3815.643
2024-05-24T17:00:00.000000Z,21282,3814.724,3816.8,3806.968,3812.377,3814.724,3816.8,3806.968,3812.377,3815.643,3817.906,3807.887,3813.703
2024-05-26T21:00:00.000000Z,11323,3812.856,3821.865,3807.544,3815.2,3812.856,3821.865,3807.544,3815.2,3814.266,3822.835,3808.846,3816.273
2024-05-27T01:00:00.000000Z,28829,3815.069,3829.999,3811.433,3821.716,3815.069,3829.999,3811.433,3821.716,3816.241,3831.122,3812.572,3822.806
2024-05-27T05:00:00.000000Z,28091,3821.68,3826.273,3812.59,3820.609,3821.68,3826.273,3812.59,3820.609,3822.849,3827.361,3813.839,3821.731
2024-05-27T09:00:00.000000Z,30437,3820.593,3827.076,3813.496,3818.133,3820.593,3827.076,3813.496,3818.133,3821.714,3827.989,3814.493,3819.351
2024-05-27T13:00:00.000000Z,43817,3818.116,3834.737,3813.513,3829.538,3818.116,3834.737,3813.513,3829.538,3819.351,3835.636,3814.673,3830.613
2024-05-27T17:00:00.000000Z,6844,3829.413,3829.752,3822.147,3822.944,3829.413,3829.752,3822.147,3822.944,3830.613,3830.838,3823.277,3823.846
2024-05-27T21:00:00.000000Z,10551,3823.89,3826.872,3817.877,3819.588,3823.89,3826.872,3817.877,3819.588,3825.27,3828.039,3818.934,3820.627
2024-05-28T01:00:00.000000Z,36080,3819.588,3824.666,3813.417,3816.774,3819.588,3824.666,3813.417,3816.774,3820.721,3825.797,3814.44,3817.656
2024-05-28T05:00:00.000000Z,44012,3816.807,3821.479,3798.026,3806.005,3816.807,3821.479,3798.026,3806.005,3817.705,3822.45,3798.797,3806.89
2024-05-28T09:00:00.000000Z,44762,3805.882,3823.493,3800.518,3815.169,3805.882,3823.493,3800.518,3815.169,3806.89,3824.501,3801.572,3816.352
2024-05-28T13:00:00.000000Z,89616,3815.293,3837.951,3814.416,3830.934,3815.293,3837.951,3814.416,3830.934,3816.554,3838.784,3815.557,3831.817
2024-05-28T17:00:00.000000Z,34435,3830.934,3844.913,3828.099,3844.671,3830.934,3844.913,3828.099,3844.671,3831.879,3846.161,3829.041,3845.998
2024-05-28T21:00:00.000000Z,12818,3845.242,3846.316,3838.218,3843.244,3845.242,3846.316,3838.218,3843.244,3846.623,3847.279,3839.15,3844.239
2024-05-29T01:00:00.000000Z,35343,3843.407,3848.493,3834.537,3846.391,3843.407,3848.493,3834.537,3846.391,3844.402,3849.475,3835.626,3847.403
2024-05-29T05:00:00.000000Z,56651,3846.538,3853.899,3819.552,3820.919,3846.538,3853.899,3819.552,3820.919,3847.533,3854.881,3820.624,3821.945
2024-05-29T09:00:00.000000Z,56961,3820.981,3830.106,3807.559,3813.079,3820.981,3830.106,3807.559,3813.079,3821.883,3831.085,3808.422,3813.878
2024-05-29T13:00:00.000000Z,76049,3813.063,3832.503,3809.951,3827.812,3813.063,3832.503,3809.951,3827.812,3813.927,3833.385,3810.932,3828.663
2024-05-29T17:00:00.000000Z,25792,3827.648,3831.009,3818.137,3822.825,3827.648,3831.009,3818.137,3822.825,3828.532,3831.924,3819.211,3824.159
2024-05-29T21:00:00.000000Z,16302,3823.708,3827.131,3821.762,3826.547,3823.708,3827.131,3821.762,3826.547,3824.747,3828.19,3822.948,3827.481
2024-05-30T01:00:00.000000Z,46344,3826.596,3828.438,3812.774,3825.305,3826.596,3828.438,3812.774,3825.305,3827.641,3829.374,3813.757,3826.255
2024-05-30T05:00:00.000000Z,58925,3825.305,3833.048,3809.925,3822.453,3825.305,3833.048,3809.925,3822.453,3826.285,3833.933,3811.003,3823.558
2024-05-30T09:00:00.000000Z,65485,3822.595,3834.339,3818.386,3826.874,3822.595,3834.339,3818.386,3826.874,3823.653,3835.145,3819.282,3827.726
2024-05-30T13:00:00.000000Z,83551,3826.796,3840.271,3820.887,3830.883,3826.796,3840.271,3820.887,3830.883,3827.663,3841.253,3821.768,3831.797
2024-05-30T17:00:00.000000Z,28187,3830.946,3832.655,3823.322,3831.674,3830.946,3832.655,3823.322,3831.674,3831.797,3833.777,3824.225,3832.877
2024-05-30T21:00:00.000000Z,15208,3832.113,3837.401,3826.432,3830.378,3832.113,3837.401,3826.432,3830.378,3833.175,3838.624,3827.62,3831.485
2024-05-31T01:00:00.000000Z,47522,3830.441,3834.641,3815.506,3827.273,3830.441,3834.641,3815.506,3827.273,3831.485,3835.765,3816.615,3828.301
2024-05-31T05:00:00.000000Z,37867,3827.273,3829.942,3819.96,3824.419,3827.273,3829.942,3819.96,3824.419,3828.268,3830.987,3821.036,3825.653
2024-05-31T09:00:00.000000Z,53630,3824.37,3829.427,3817.108,3825.053,3824.37,3829.427,3817.108,3825.053,3825.49,3830.26,3818.1,3826.029
2024-05-31T13:00:00.000000Z,102765,3825.115,3834.21,3792.85,3801.813,3825.115,3834.21,3792.85,3801.813,3826.029,3835.136,3793.912,3802.839
2024-05-31T17:00:00.000000Z,38434,3801.751,3802.829,3778.424,3787.343,3801.751,3802.829,3778.424,3787.343,3802.708,3803.774,3779.455,3788.885
2024-06-02T21:00:00.000000Z,13413,3790.971,3791.377,3777.895,3780.962,3790.971,3791.377,3777.895,3780.962,3792.259,3792.477,3779.022,3782.048
2024-06-03T01:00:00.000000Z,39712,3780.962,3787.765,3773.37,3775.804,3780.962,3787.765,3773.37,3775.804,3782.032,3788.819,3774.533,3776.718
2024-06-03T05:00:00.000000Z,56906,3775.759,3794.877,3767.928,3786.176,3775.759,3794.877,3767.928,3786.176,3776.718,3795.808,3769.091,3787.153
2024-06-03T09:00:00.000000Z,55246,3786.16,3795.263,3776.69,3788.221,3786.16,3795.263,3776.69,3788.221,3787.075,3796.467,3777.619,3789.193
2024-06-03T13:00:00.000000Z,90004,3788.092,3805.008,3779.232,3803.412,3788.092,3805.008,3779.232,3803.412,3789.099,3805.762,3780.25,3804.305
2024-06-03T17:00:00.000000Z,42366,3803.379,3812.435,3793.28,3795.212,3803.379,3812.435,3793.28,3795.212,3804.289,3813.458,3794.214,3796.388
2024-06-03T21:00:00.000000Z,12155,3796.029,3797.976,3792.401,3797.245,3796.029,3797.976,3792.401,3797.245,3797.19,3798.969,3793.549,3798.235
2024-06-04T01:00:00.000000Z,36280,3797.245,3801.021,3788.174,3794.264,3797.245,3801.021,3788.174,3794.264,3798.173,3802.067,3789.18,3795.35
2024-06-04T05:00:00.000000Z,59109,3794.202,3804.383,3779.017,3780.98,3794.202,3804.383,3779.017,3780.98,3795.35,3805.403,3779.736,3782.003
2024-06-04T09:00:00.000000Z,71836,3780.996,3790.508,3771.094,3783.113,3780.996,3790.508,3771.094,3783.113,3782.003,3791.545,3772.064,3784.035
2024-06-04T13:00:00.000000Z,99866,3783.194,3787.388,3750.667,3764.34,3783.194,3787.388,3750.667,3764.34,3784.035,3788.226,3751.64,3765.269
2024-06-04T17:00:00.000000Z,38905,3764.279,3771.312,3764.117,3766.759,3764.279,3771.312,3764.117,3766.759,3765.269,3772.219,3765.026,3767.923
2024-06-04T21:00:00.000000Z,13469,3768.405,3772.763,3764.502,3766.132,3768.405,3772.763,3764.502,3766.132,3769.61,3773.73,3765.568,3767.154
2024-06-05T01:00:00.000000Z,39485,3766.116,3779.787,3762.456,3778.216,3766.116,3779.787,3762.456,3778.216,3767.154,3780.728,3763.583,3779.186
2024-06-05T05:00:00.000000Z,53433,3778.248,3786.647,3762.712,3770.817,3778.248,3786.647,3762.712,3770.817,3779.186,3787.699,3763.827,3771.79
2024-06-05T09:00:00.000000Z,54933,3770.914,3786.435,3768.635,3784.401,3770.914,3786.435,3768.635,3784.401,3771.823,3787.404,3769.767,3785.358
2024-06-05T13:00:00.000000Z,85825,3784.353,3810.254,3779.084,3803.898,3784.353,3810.254,3779.084,3803.898,3785.197,3811.228,3780.077,3804.95
2024-06-05T17:00:00.000000Z,25319,3803.898,3809.576,3797.473,3802.691,3803.898,3809.576,3797.473,3802.691,3804.934,3810.566,3798.462,3804.069
2024-06-05T21:00:00.000000Z,10692,3802.878,3805.254,3794.925,3795.611,3802.878,3805.254,3794.925,3795.611,3803.877,3806.509,3795.881,3796.58
2024-06-06T01:00:00.000000Z,56271,3795.514,3828.134,3795.154,3824.13,3795.514,3828.134,3795.154,3824.13,3796.532,3829.089,3796.129,3824.911
2024-06-06T05:00:00.000000Z,42980,3824.069,3827.597,3815.881,3819.195,3824.069,3827.597,3815.881,3819.195,3824.849,3828.59,3816.871,3820.15
2024-06-06T09:00:00.000000Z,48773,3819.357,3821.742,3811.168,3814.448,3819.357,3821.742,3811.168,3814.448,3820.264,3823.313,3812.148,3815.364
2024-06-06T13:00:00.000000Z,86977,3814.48,3839.099,3809.615,3829.322,3814.48,3839.099,3809.615,3829.322,3815.412,3839.973,3810.635,3830.251
2024-06-06T17:00:00.000000Z,33001,3829.371,3832.091,3821.596,3831.618,3829.371,3832.091,3821.596,3831.618,3830.251,3833.1,3822.495,3833.003
2024-06-06T21:00:00.000000Z,12983,3832.927,3840.537,3830.511,3838.743,3832.927,3840.537,3830.511,3838.743,3833.936,3841.603,3831.673,3839.747
2024-06-07T01:00:00.000000Z,50703,3838.872,3850.239,3827.049,3849.979,3838.872,3850.239,3827.049,3849.979,3839.747,3851.243,3827.967,3850.905
2024-06-07T05:00:00.000000Z,68193,3849.979,3852.03,3784.868,3790.089,3849.979,3852.03,3784.868,3790.089,3850.937,3852.864,3785.857,3791.088
2024-06-07T09:00:00.000000Z,81973,3789.993,3792.106,3752.85,3777.684,3789.993,3792.106,3752.85,3777.684,3791.027,3793.044,3757.71,3778.832
2024-06-07T13:00:00.000000Z,95114,3777.746,3791.803,3765.379,3781.684,3777.746,3791.803,3765.379,3781.684,3778.849,3792.803,3766.389,3782.662
2024-06-07T17:00:00.000000Z,36807,3781.75,3783.321,3744.832,3758.47,3781.75,3783.321,3744.832,3758.47,3782.81,3784.427,3745.788,3759.731
2024-06-09T21:00:00.000000Z,19218,3753.927,3767.839,3752.961,3763.887,3753.927,3767.839,3752.961,3763.887,3755.434,3768.929,3754.451,3764.96
2024-06-10T01:00:00.000000Z,32647,3763.714,3769.195,3755.241,3756.825,3763.714,3769.195,3755.241,3756.825,3764.943,3770.124,3756.117,3757.783
2024-06-10T05:00:00.000000Z,50761,3756.764,3763.134,3746.142,3753.724,3756.764,3763.134,3746.142,3753.724,3757.721,3764.039,3747.074,3754.73
2024-06-10T09:00:00.000000Z,48893,3753.74,3776.111,3751.034,3775.853,3753.74,3776.111,3751.034,3775.853,3754.73,3777.044,3752.105,3776.861
2024-06-10T13:00:00.000000Z,62792,3775.853,3779.892,3763.098,3778.474,3775.853,3779.892,3763.098,3778.474,3776.844,3780.915,3764.136,3779.534
2024-06-10T17:00:00.000000Z,26615,3778.491,3780.233,3767.728,3770.136,3778.491,3780.233,3767.728,3770.136,3779.517,3781.338,3768.721,3771.33
2024-06-10T21:00:00.000000Z,13090,3768.396,3773.096,3765.85,3770.365,3768.396,3773.096,3765.85,3770.365,3769.651,3774.291,3766.655,3771.355
2024-06-11T01:00:00.000000Z,50659,3770.264,3772.95,3755.598,3763.219,3770.264,3772.95,3755.598,3763.219,3771.289,3773.973,3756.607,3764.098
2024-06-11T05:00:00.000000Z,47211,3763.219,3769.227,3751.855,3764.253,3763.219,3769.227,3751.855,3764.253,3764.082,3770.188,3752.831,3765.304
2024-06-11T09:00:00.000000Z,56166,3764.253,3784.765,3757.553,3780.836,3764.253,3784.765,3757.553,3780.836,3765.32,3785.66,3758.607,3781.784
2024-06-11T13:00:00.000000Z,76458,3780.824,3785.13,3758.182,3762.221,3780.824,3785.13,3758.182,3762.221,3781.866,3786.153,3759.203,3763.184
2024-06-11T17:00:00.000000Z,28530,3762.351,3770.727,3760.197,3770.385,3762.351,3770.727,3760.197,3770.385,3763.282,3772.124,3761.328,3771.639
2024-06-11T21:00:00.000000Z,11508,3770.285,3772.735,3764.713,3769.438,3770.285,3772.735,3764.713,3769.438,3771.559,3773.666,3765.843,3770.631
2024-06-12T01:00:00.000000Z,38431,3769.487,3769.549,3760.674,3764.648,3769.487,3769.549,3760.674,3764.648,3770.68,3770.68,3761.69,3765.685
2024-06-12T05:00:00.000000Z,39608,3764.709,3771.805,3761.822,3764.578,3764.709,3771.805,3761.822,3764.578,3765.685,3772.826,3762.846,3765.44
2024-06-12T09:00:00.000000Z,55459,3764.639,3775.466,3746.046,3761.464,3764.639,3775.466,3746.046,3761.464,3765.44,3780.466,3747.925,3762.544
2024-06-12T13:00:00.000000Z,101407,3761.335,3770.373,3732.821,3760.326,3761.335,3770.373,3732.821,3760.326,3762.367,3771.437,3733.706,3761.22
2024-06-12T17:00:00.000000Z,79743,3760.374,3765.603,3746.845,3758.292,3760.374,3765.603,3746.845,3758.292,3761.3,3766.272,3748.052,3759.39
2024-06-12T21:00:00.000000Z,11568,3756.658,3756.884,3746.096,3754.12,3756.658,3756.884,3746.096,3754.12,3758.395,3758.572,3747.16,3754.996
2024-06-13T01:00:00.000000Z,41990,3754.185,3754.451,3734.94,3747.438,3754.185,3754.451,3734.94,3747.438,3755.158,3755.453,3735.74,3748.331
2024-06-13T05:00:00.000000Z,46118,3747.438,3755.733,3743.7,3747.114,3747.438,3755.733,3743.7,3747.114,3748.363,3756.678,3744.799,3748.043
2024-06-13T09:00:00.000000Z,64041,3747.098,3760.124,3731.224,3758.959,3747.098,3760.124,3731.224,3758.959,3748.059,3761.068,3733.776,3759.875
2024-06-13T13:00:00.000000Z,94998,3758.841,3759.674,3721.661,3730.286,3758.841,3759.674,3721.661,3730.286,3759.875,3760.675,3722.693,3731.434
2024-06-13T17:00:00.000000Z,34874,3730.238,3736.071,3727.486,3734.749,3730.238,3736.071,3727.486,3734.749,3731.417,3736.93,3728.563,3736.082
2024-06-13T21:00:00.000000Z,14518,3735.425,3748.724,3734.595,3748.378,3735.425,3748.724,3734.595,3748.378,3736.677,3749.731,3735.726,3749.507
2024-06-14T01:00:00.000000Z,43445,3748.281,3751.554,3742.386,3748.554,3748.281,3751.554,3742.386,3748.554,3749.459,3752.602,3743.502,3749.467
2024-06-14T05:00:00.000000Z,59607,3748.493,3778.891,3748.123,3777.097,3748.493,3778.891,3748.123,3777.097,3749.467,3779.819,3748.992,3778.185
2024-06-14T09:00:00.000000Z,80094,3777.244,3806.429,3774.567,3801.218,3777.244,3806.429,3774.567,3801.218,3778.185,3807.346,3775.538,3802.182
2024-06-14T13:00:00.000000Z,84337,3801.094,3813.36,3786.09,3791.644,3801.094,3813.36,3786.09,3791.644,3802.182,3814.355,3787.142,3792.673
2024-06-14T17:00:00.000000Z,24466,3791.774,3805.207,3790.493,3797.665,3791.774,3805.207,3790.493,3797.665,3792.738,3806.227,3791.518,3798.955
2024-06-16T21:00:00.000000Z,15247,3797.394,3798.56,3788.882,3793.972,3797.394,3798.56,3788.882,3793.972,3798.644,3799.71,3790.017,3795.09
2024-06-17T01:00:00.000000Z,36715,3793.972,3800.164,3785.832,3793.154,3793.972,3800.164,3785.832,3793.154,3795.028,3801.361,3786.994,3794.259
2024-06-17T05:00:00.000000Z,51209,3793.2,3794.038,3784.485,3791.813,3793.2,3794.038,3784.485,3791.813,3794.243,3795.078,3785.431,3792.821
2024-06-17T09:00:00.000000Z,47248,3791.83,3800.902,3787.673,3796.165,3791.83,3800.902,3787.673,3796.165,3792.821,3801.96,3788.602,3797.046
2024-06-17T13:00:00.000000Z,66379,3796.227,3808.134,3777.827,3784.053,3796.227,3808.134,3777.827,3784.053,3797.046,3809.096,3778.719,3785.001
2024-06-17T17:00:00.000000Z,27517,3784.053,3785.669,3775.965,3782.21,3784.053,3785.669,3775.965,3782.21,3785.034,3786.575,3776.893,3783.437
2024-06-17T21:00:00.000000Z,14163,3783.782,3788.52,3780.085,3787.428,3783.782,3788.52,3780.085,3787.428,3785.013,3789.576,3781.143,3788.402
2024-06-18T01:00:00.000000Z,37112,3787.494,3801.048,3781.472,3796.78,3787.494,3801.048,3781.472,3796.78,3788.483,3802.168,3782.67,3797.87
2024-06-18T05:00:00.000000Z,47629,3796.764,3797.552,3784.952,3785.216,3796.764,3797.552,3784.952,3785.216,3797.775,3798.406,3785.862,3786.269
2024-06-18T09:00:00.000000Z,57963,3785.166,3798.903,3778.179,3783.941,3785.166,3798.903,3778.179,3783.941,3786.236,3799.911,3779.241,3784.87
2024-06-18T13:00:00.000000Z,76257,3783.958,3797.599,3782.355,3792.146,3783.958,3797.599,3782.355,3792.146,3784.952,3798.433,3783.268,3793.22
2024-06-18T17:00:00.000000Z,26247,3792.146,3796.686,3789.038,3790.912,3792.146,3796.686,3789.038,3790.912,3793.281,3797.735,3790.128,3792.155
2024-06-18T21:00:00.000000Z,10070,3789.212,3795.487,3787.508,3794.107,3789.212,3795.487,3787.508,3794.107,3790.458,3796.656,3788.741,3795.211
2024-06-19T01:00:00.000000Z,24197,3794.107,3799.472,3789.542,3796.07,3794.107,3799.472,3789.542,3796.07,3795.178,3800.528,3790.518,3797.237
2024-06-19T05:00:00.000000Z,35171,3796.07,3802.92,3792.796,3799.368,3796.07,3802.92,3792.796,3799.368,3797.22,3804.025,3793.819,3800.423
2024-06-19T09:00:00.000000Z,32620,3799.492,3802.583,3790.046,3794.859,3799.492,3802.583,3790.046,3794.859,3800.547,3803.687,3791.134,3796.042
2024-06-19T13:00:00.000000Z,29038,3794.863,3801.06,3787.761,3798.947,3794.863,3801.06,3787.761,3798.947,3795.98,3802.198,3788.774,3800.11
2024-06-19T17:00:00.000000Z,4175,3798.865,3802.399,3797.906,3797.906,3798.865,3802.399,3797.906,3797.906,3799.996,3803.314,3799.171,3799.268
2024-06-19T21:00:00.000000Z,12376,3798.843,3801.018,3789.984,3799.126,3798.843,3801.018,3789.984,3799.126,3800.74,3802.652,3791.161,3800.231
2024-06-20T01:00:00.000000Z,40752,3799.081,3816.261,3799.019,3815.603,3799.081,3816.261,3799.019,3815.603,3800.28,3817.152,3800.208,3816.499
2024-06-20T05:00:00.000000Z,46823,3815.668,3824.75,3806.88,3808.132,3815.668,3824.75,3806.88,3808.132,3816.483,3825.65,3807.776,3809.176
2024-06-20T09:00:00.000000Z,45775,3808.002,3824.257,3805.361,3817.498,3808.002,3824.257,3805.361,3817.498,3809.062,3825.203,3806.401,3818.67
2024-06-20T13:00:00.000000Z,74415,3817.635,3860.783,3814.169,3852.152,3817.635,3860.783,3814.169,3852.152,3818.79,3861.695,3815.112,3853.116
2024-06-20T17:00:00.000000Z,29754,3852.152,3856.361,3848.806,3855.931,3852.152,3856.361,3848.806,3855.931,3853.149,3857.738,3849.537,3857.357
2024-06-20T21:00:00.000000Z,12744,3856.127,3865.839,3853.328,3864.869,3856.127,3865.839,3853.328,3864.869,3857.108,3866.755,3854.656,3865.815
2024-06-21T01:00:00.000000Z,32395,3864.837,3865.049,3850.831,3856.823,3864.837,3865.049,3850.831,3856.823,3865.768,3865.932,3851.904,3857.945
2024-06-21T05:00:00.000000Z,46917,3856.823,3865.249,3845.614,3859.688,3856.823,3865.249,3845.614,3859.688,3857.994,3866.229,3846.61,3860.731
2024-06-21T09:00:00.000000Z,45682,3859.656,3866.527,3850.254,3850.808,3859.656,3866.527,3850.254,3850.808,3860.666,3867.617,3851.128,3851.883
2024-06-21T13:00:00.000000Z,80711,3850.808,3858.008,3797.455,3799.04,3850.808,3858.008,3797.455,3799.04,3851.61,3859.228,3798.525,3800.048
2024-06-21T17:00:00.000000Z,26373,3798.978,3799.628,3786.526,3794.594,3798.978,3799.628,3786.526,3794.594,3800.048,3800.718,3787.53,3795.7
2024-06-23T21:00:00.000000Z,12735,3794.08,3798.041,3791.987,3796.785,3794.08,3798.041,3791.987,3796.785,3795.261,3798.925,3793.028,3797.845
2024-06-24T01:00:00.000000Z,39101,3796.723,3807.327,3794.111,3802.75,3796.723,3807.327,3794.111,3802.75,3797.845,3808.294,3795.185,3803.559
2024-06-24T05:00:00.000000Z,38490,3802.688,3810.189,3795.74,3802.804,3802.688,3810.189,3795.74,3802.804,3803.559,3811.131,3796.765,3803.622
2024-06-24T09:00:00.000000Z,50318,3802.837,3804.394,3788.146,3801.821,3802.837,3804.394,3788.146,3801.821,3803.622,3805.288,3789.013,3802.799
2024-06-24T13:00:00.000000Z,55976,3801.87,3808.264,3791.706,3807.137,3801.87,3808.264,3791.706,3807.137,3802.799,3809.236,3792.696,3807.971
2024-06-24T17:00:00.000000Z,22258,3807.199,3811.453,3802.977,3810.711,3807.199,3811.453,3802.977,3810.711,3808.066,3812.383,3803.837,3811.987
2024-06-24T21:00:00.000000Z,12868,3809.944,3811.444,3803.069,3806.448,3809.944,3811.444,3803.069,3806.448,3811.629,3812.911,3804.096,3807.361
2024-06-25T01:00:00.000000Z,36793,3806.464,3807.663,3793.559,3800.876,3806.464,3807.663,3793.559,3800.876,3807.423,3808.782,3794.638,3801.763
2024-06-25T05:00:00.000000Z,40164,3800.876,3804.027,3790.973,3801.577,3800.876,3804.027,3790.973,3801.577,3801.825,3805.195,3791.996,3802.571
2024-06-25T09:00:00.000000Z,43621,3801.731,3813.481,3798.161,3798.242,3801.731,3813.481,3798.161,3798.242,3802.696,3814.38,3799.205,3799.404
2024-06-25T13:00:00.000000Z,68395,3798.39,3808.892,3789.383,3793.19,3798.39,3808.892,3789.383,3793.19,3799.469,3809.891,3790.336,3794.106
2024-06-25T17:00:00.000000Z,25682,3793.157,3793.907,3786.831,3788.726,3793.157,3793.907,3786.831,3788.726,3793.992,3794.902,3787.763,3790.04
2024-06-25T21:00:00.000000Z,15617,3789.859,3800.891,3788.347,3789.38,3789.859,3800.891,3788.347,3789.38,3791.043,3802.03,3789.338,3790.436
2024-06-26T01:00:00.000000Z,45129,3789.314,3797.639,3776.937,3789.689,3789.314,3797.639,3776.937,3789.689,3790.403,3798.693,3777.898,3790.68
2024-06-26T05:00:00.000000Z,43395,3789.721,3796.011,3773.386,3793.099,3789.721,3796.011,3773.386,3793.099,3790.68,3797.102,3774.265,3794.094
2024-06-26T09:00:00.000000Z,52727,3793.213,3805.385,3781.752,3794.047,3793.213,3805.385,3781.752,3794.047,3794.192,3806.241,3782.618,3795.06
2024-06-26T13:00:00.000000Z,73935,3794.047,3795.236,3771.993,3782.432,3794.047,3795.236,3771.993,3782.432,3794.896,3796.249,3773.099,3783.413
2024-06-26T17:00:00.000000Z,28404,3782.495,3786.92,3775.967,3778.239,3782.495,3786.92,3775.967,3778.239,3783.413,3787.76,3776.98,3779.439
2024-06-26T21:00:00.000000Z,13526,3778.024,3788.904,3775.64,3786.825,3778.024,3788.904,3775.64,3786.825,3779.289,3789.931,3776.822,3787.964
2024-06-27T01:00:00.000000Z,33611,3786.858,3787.642,3775.962,3778.854,3786.858,3787.642,3775.962,3778.854,3787.964,3788.827,3776.922,3779.974
2024-06-27T05:00:00.000000Z,42544,3778.91,3786.89,3771.451,3785.235,3778.91,3786.89,3771.451,3785.235,3779.763,3787.844,3772.48,3786.113
2024-06-27T09:00:00.000000Z,51045,3785.111,3807.582,3784.681,3803.411,3785.111,3807.582,3784.681,3803.411,3786.051,3808.771,3785.706,3804.361
2024-06-27T13:00:00.000000Z,71864,3803.427,3826.411,3799.573,3818.484,3803.427,3826.411,3799.573,3818.484,3804.518,3827.458,3800.676,3819.435
2024-06-27T17:00:00.000000Z,26041,3818.484,3827.034,3816.713,3826.395,3818.484,3827.034,3816.713,3826.395,3819.514,3827.953,3817.662,3827.473
2024-06-27T21:00:00.000000Z,13542,3825.668,3827.633,3820.196,3822.072,3825.668,3827.633,3820.196,3822.072,3827.08,3828.572,3821.134,3823.081
2024-06-28T01:00:00.000000Z,47588,3822.135,3831.265,3819.502,3830.388,3822.135,3831.265,3819.502,3830.388,3823.081,3832.282,3820.533,3831.256
2024-06-28T05:00:00.000000Z,42387,3830.405,3841.565,3829.912,3835.78,3830.405,3841.565,3829.912,3835.78,3831.256,3842.515,3830.899,3836.875
2024-06-28T09:00:00.000000Z,47692,3835.843,3842.171,3828.952,3833.275,3835.843,3842.171,3828.952,3833.275,3836.875,3843.297,3830.063,3834.243
2024-06-28T13:00:00.000000Z,75920,3833.16,3836.447,3813.034,3822.212,3833.16,3836.447,3813.034,3822.212,3834.128,3837.429,3813.905,3823.032
2024-06-28T17:00:00.000000Z,29591,3822.212,3823.066,3814.174,3818.693,3822.212,3823.066,3814.174,3818.693,3823.094,3823.774,3815.165,3820.086
2024-06-30T21:00:00.000000Z,17791,3811.086,3816.267,3806.832,3811.798,3811.086,3816.267,3806.832,3811.798,3812.513,3817.251,3807.936,3812.884
2024-07-01T01:00:00.000000Z,32948,3811.749,3815.982,3807.232,3810.452,3811.749,3815.982,3807.232,3810.452,3812.867,3817.12,3808.222,3811.511
2024-07-01T05:00:00.000000Z,47595,3810.468,3815.781,3801.022,3809.775,3810.468,3815.781,3801.022,3809.775,3811.511,3816.853,3802.113,3810.837
2024-07-01T09:00:00.000000Z,50518,3809.854,3837.179,3809.514,3823.497,3809.854,3837.179,3809.514,3823.497,3810.853,3838.177,3810.477,3824.415
2024-07-01T13:00:00.000000Z,76197,3823.582,3838.429,3816.228,3833.627,3823.582,3838.429,3816.228,3833.627,3824.435,3839.425,3816.867,3834.708
2024-07-01T17:00:00.000000Z,20976,3833.564,3839.569,3830.675,3837.47,3833.564,3839.569,3830.675,3837.47,3834.708,3840.472,3831.718,3838.741
2024-07-01T21:00:00.000000Z,12225,3840.936,3852.367,3839.196,3851.928,3840.936,3852.367,3839.196,3851.928,3841.966,3853.302,3840.143,3853.042
2024-07-02T01:00:00.000000Z,32472,3851.862,3854.568,3838.67,3843.682,3851.862,3854.568,3838.67,3843.682,3852.927,3855.668,3839.684,3844.716
2024-07-02T05:00:00.000000Z,45498,3843.682,3852.886,3839.728,3848.33,3843.682,3852.886,3839.728,3848.33,3844.653,3853.825,3840.704,3849.38
2024-07-02T09:00:00.000000Z,43244,3848.266,3850.837,3824.074,3837.88,3848.266,3850.837,3824.074,3837.88,3849.38,3851.725,3824.944,3838.943
2024-07-02T13:00:00.000000Z,72615,3837.893,3845.641,3823.275,3825.907,3837.893,3845.641,3823.275,3825.907,3838.921,3846.452,3824.287,3826.89
2024-07-02T17:00:00.000000Z,21736,3825.907,3833.157,3823.495,3832.006,3825.907,3833.157,3823.495,3832.006,3826.873,3834.005,3824.494,3833.153
2024-07-02T21:00:00.000000Z,11341,3832.127,3834.997,3829.412,3830.993,3832.127,3834.997,3829.412,3830.993,3833.572,3836.058,3830.44,3832.04
2024-07-03T01:00:00.000000Z,31278,3830.993,3841.905,3828.204,3840.949,3830.993,3841.905,3828.204,3840.949,3832.007,3842.885,3829.203,3842.074
2024-07-03T05:00:00.000000Z,47532,3841.012,3860.359,3839.381,3858.048,3841.012,3860.359,3839.381,3858.048,3842.091,3861.408,3840.444,3859.0
2024-07-03T09:00:00.000000Z,51618,3857.984,3873.676,3855.414,3865.465,3857.984,3873.676,3855.414,3865.465,3859.064,3874.591,3856.527,3866.495
2024-07-03T13:00:00.000000Z,80757,3865.333,3870.326,3852.948,3855.365,3865.333,3870.326,3852.948,3855.365,3866.345,3872.332,3853.947,3856.299
2024-07-03T17:00:00.000000Z,16684,3855.266,3866.876,3853.765,3859.739,3855.266,3866.876,3853.765,3859.739,3856.198,3867.81,3854.697,3860.946
2024-07-03T21:00:00.000000Z,10886,3860.233,3864.92,3857.01,3857.01,3860.233,3864.92,3857.01,3857.01,3862.052,3865.89,3858.119,3858.119
2024-07-04T01:00:00.000000Z,30727,3857.073,3865.906,3855.674,3860.701,3857.073,3865.906,3855.674,3860.701,3858.103,3866.87,3856.795,3861.827
2024-07-04T05:00:00.000000Z,35247,3860.764,3860.811,3845.584,3855.877,3860.764,3860.811,3845.584,3855.877,3861.81,3861.97,3846.562,3856.841
2024-07-04T09:00:00.000000Z,28974,3855.814,3856.309,3850.136,3853.496,3855.814,3856.309,3850.136,3853.496,3856.841,3857.385,3851.078,3854.476
2024-07-04T13:00:00.000000Z,34056,3853.479,3859.583,3849.657,3852.46,3853.479,3859.583,3849.657,3852.46,3854.476,3860.741,3850.653,3853.52
2024-07-04T17:00:00.000000Z,1754,3852.297,3852.989,3851.104,3852.863,3852.297,3852.989,3851.104,3852.863,3853.277,3853.899,3851.989,3853.808
2024-07-04T21:00:00.000000Z,14083,3853.005,3856.124,3849.299,3855.672,3853.005,3856.124,3849.299,3855.672,3854.368,3857.187,3850.471,3856.683
2024-07-05T01:00:00.000000Z,32470,3855.735,3863.411,3851.428,3862.556,3855.735,3863.411,3851.428,3862.556,3856.683,3864.342,3852.359,3863.504
2024-07-05T05:00:00.000000Z,43052,3862.54,3870.138,3860.981,3865.979,3862.54,3870.138,3860.981,3865.979,3863.504,3871.149,3861.915,3866.976
2024-07-05T09:00:00.000000Z,55127,3865.979,3871.746,3835.444,3869.724,3865.979,3871.746,3835.444,3869.724,3867.039,3872.581,3839.188,3870.816
2024-07-05T13:00:00.000000Z,90479,3869.756,3893.119,3865.698,3889.743,3869.756,3893.119,3865.698,3889.743,3870.736,3894.309,3866.628,3890.962
2024-07-05T17:00:00.000000Z,29083,3889.743,3894.052,3883.777,3890.668,3889.743,3894.052,3883.777,3890.668,3890.799,3895.011,3884.996,3892.452
2024-07-07T21:00:00.000000Z,17674,3887.134,3890.572,3882.083,3889.15,3887.134,3890.572,3882.083,3889.15,3887.92,3891.599,3883.285,3889.986
2024-07-08T01:00:00.000000Z,39170,3889.038,3894.892,3870.672,3879.183,3889.038,3894.892,3870.672,3879.183,3889.953,3895.794,3871.622,3880.195
2024-07-08T05:00:00.000000Z,50937,3879.232,3885.156,3864.156,3867.727,3879.232,3885.156,3864.156,3867.727,3880.195,3886.184,3865.168,3868.816
2024-07-08T09:00:00.000000Z,45158,3867.594,3871.973,3858.755,3863.6,3867.594,3871.973,3858.755,3863.6,3868.639,3873.032,3859.623,3864.705
2024-07-08T13:00:00.000000Z,71488,3863.565,3874.006,3833.651,3845.32,3863.565,3874.006,3833.651,3845.32,3864.672,3875.036,3834.559,3846.361
2024-07-08T17:00:00.000000Z,25442,3845.32,3851.863,3840.655,3850.918,3845.32,3851.863,3840.655,3850.918,3846.298,3852.894,3841.65,3852.378
2024-07-08T21:00:00.000000Z,10998,3850.219,3857.322,3849.816,3856.352,3850.219,3857.322,3849.816,3856.352,3851.679,3858.365,3850.937,3857.409
2024-07-09T01:00:00.000000Z,37216,3856.499,3869.047,3855.582,3864.213,3856.499,3869.047,3855.582,3864.213,3857.588,3870.205,3856.674,3865.338
2024-07-09T05:00:00.000000Z,40337,3864.213,3864.771,3851.49,3861.416,3864.213,3864.771,3851.49,3861.416,3865.259,3865.72,3852.483,3862.361
2024-07-09T09:00:00.000000Z,42788,3861.432,3867.198,3852.838,3856.662,3861.432,3867.198,3852.838,3856.662,3862.41,3868.099,3853.834,3857.673
2024-07-09T13:00:00.000000Z,80343,3856.711,3867.112,3842.155,3850.756,3856.711,3867.112,3842.155,3850.756,3857.689,3868.226,3843.263,3851.687
2024-07-09T17:00:00.000000Z,25360,3850.693,3862.11,3850.63,3858.883,3850.693,3862.11,3850.63,3858.883,3851.687,3863.074,3851.561,3859.944
2024-07-09T21:00:00.000000Z,11338,3858.173,3861.693,3856.702,3860.011,3858.173,3861.693,3856.702,3860.011,3859.676,3862.738,3858.259,3861.038
2024-07-10T01:00:00.000000Z,43104,3860.077,3897.853,3856.581,3886.404,3860.077,3897.853,3856.581,3886.404,3861.087,3899.032,3857.67,3887.436
2024-07-10T05:00:00.000000Z,45664,3886.34,3912.096,3884.807,3908.216,3886.34,3912.096,3884.807,3908.216,3887.5,3913.016,3885.953,3909.332
2024-07-10T09:00:00.000000Z,41375,3908.216,3918.056,3905.995,3910.961,3908.216,3918.056,3905.995,3910.961,3909.268,3919.025,3907.059,3912.01
2024-07-10T13:00:00.000000Z,65360,3910.961,3922.887,3901.674,3908.808,3910.961,3922.887,3901.674,3908.808,3911.977,3923.712,3902.805,3909.939
2024-07-10T17:00:00.000000Z,27616,3908.872,3909.199,3897.303,3898.373,3908.872,3909.199,3897.303,3898.373,3909.906,3910.2,3898.335,3899.775
2024-07-10T21:00:00.000000Z,11295,3900.34,3901.47,3893.535,3898.674,3900.34,3901.47,3893.535,3898.674,3901.699,3902.4,3894.663,3899.705
2024-07-11T01:00:00.000000Z,33935,3898.802,3907.725,3895.475,3907.102,3898.802,3907.725,3895.475,3907.102,3899.769,3908.612,3896.556,3908.053
2024-07-11T05:00:00.000000Z,45613,3907.135,3912.897,3903.764,3908.539,3907.135,3912.897,3903.764,3908.539,3908.085,3913.828,3904.748,3909.556
2024-07-11T09:00:00.000000Z,60654,3908.539,3933.838,3906.068,3928.452,3908.539,3933.838,3906.068,3928.452,3909.523,3934.853,3909.19,3929.629
2024-07-11T13:00:00.000000Z,122619,3928.435,3969.364,3917.354,3950.718,3928.435,3969.364,3917.354,3950.718,3929.563,3970.382,3918.478,3951.768
2024-07-11T17:00:00.000000Z,35126,3950.718,3967.656,3950.196,3961.988,3950.718,3967.656,3950.196,3961.988,3951.832,3968.495,3951.193,3963.185
2024-07-11T21:00:00.000000Z,29942,3960.472,3966.754,3957.404,3965.831,3960.472,3966.754,3957.404,3965.831,3961.557,3967.806,3958.569,3966.703
2024-07-12T01:00:00.000000Z,42200,3965.831,3968.584,3947.074,3947.355,3965.831,3968.584,3947.074,3947.355,3966.768,3969.521,3948.028,3948.387
2024-07-12T05:00:00.000000Z,50833,3947.388,3948.195,3936.399,3939.932,3947.388,3948.195,3936.399,3939.932,3948.387,3949.163,3937.334,3940.899
2024-07-12T09:00:00.000000Z,58603,3939.738,3941.257,3914.622,3922.922,3939.738,3941.257,3914.622,3922.922,3940.835,3942.24,3915.621,3923.903
2024-07-12T13:00:00.000000Z,84657,3922.923,3950.21,3920.254,3947.946,3922.923,3950.21,3920.254,3947.946,3923.937,3951.112,3921.398,3948.897
2024-07-12T17:00:00.000000Z,23518,3947.93,3952.395,3939.417,3939.417,3947.93,3952.395,3939.417,3939.417,3948.897,3953.314,3940.887,3940.952
2024-07-14T21:00:00.000000Z,20008,3949.487,3953.38,3945.758,3949.6,3949.487,3953.38,3945.758,3949.6,3951.157,3954.447,3946.791,3950.732
2024-07-15T01:00:00.000000Z,33263,3949.568,3956.662,3944.123,3953.192,3949.568,3956.662,3944.123,3953.192,3950.732,3957.614,3945.108,3954.242
2024-07-15T05:00:00.000000Z,50863,3953.16,3955.702,3941.434,3953.996,3953.16,3955.702,3941.434,3953.996,3954.209,3956.703,3942.387,3954.932
2024-07-15T09:00:00.000000Z,58570,3954.045,3976.818,3949.499,3966.44,3954.045,3976.818,3949.499,3966.44,3955.014,3977.952,3950.548,3967.393
2024-07-15T13:00:00.000000Z,88051,3966.325,4000.392,3956.089,3990.229,3966.325,4000.392,3956.089,3990.229,3967.229,4001.33,3956.976,3991.298
2024-07-15T17:00:00.000000Z,32907,3990.278,3990.548,3982.693,3986.93,3990.278,3990.548,3982.693,3986.93,3991.314,3991.617,3983.548,3987.754
2024-07-15T21:00:00.000000Z,13570,3987.536,3993.602,3984.184,3992.234,3987.536,3993.602,3984.184,3992.234,3988.721,3994.59,3985.172,3993.189
2024-07-16T01:00:00.000000Z,40350,3992.234,4013.239,3991.839,4012.373,3992.234,4013.239,3991.839,4012.373,3993.206,4014.245,3992.827,4013.33
2024-07-16T05:00:00.000000Z,49928,4012.191,4025.001,4011.068,4021.491,4012.191,4025.001,4011.068,4021.491,4013.247,4025.957,4011.926,4022.398
2024-07-16T09:00:00.000000Z,61744,4021.491,4030.942,4017.666,4021.444,4021.491,4030.942,4017.666,4021.444,4022.481,4031.932,4018.672,4022.319
2024-07-16T13:00:00.000000Z,85066,4021.411,4079.657,4019.364,4071.177,4021.411,4079.657,4019.364,4071.177,4022.087,4080.852,4020.387,4072.153
2024-07-16T17:00:00.000000Z,26733,4071.177,4081.415,4069.486,4080.414,4071.177,4081.415,4069.486,4080.414,4072.104,4082.239,4070.399,4081.81
2024-07-16T21:00:00.000000Z,20329,4078.344,4091.275,4061.236,4062.872,4078.344,4091.275,4061.236,4062.872,4079.536,4092.51,4062.309,4063.727
2024-07-17T01:00:00.000000Z,48533,4062.905,4084.115,4057.892,4067.133,4062.905,4084.115,4057.892,4067.133,4063.727,4085.124,4058.949,4068.039
2024-07-17T05:00:00.000000Z,64840,4067.116,4078.439,4057.003,4062.859,4067.116,4078.439,4057.003,4062.859,4068.039,4079.532,4057.862,4064.032
2024-07-17T09:00:00.000000Z,59708,4062.859,4071.183,4050.916,4064.135,4062.859,4071.183,4050.916,4064.135,4064.065,4072.253,4052.021,4065.092
2024-07-17T13:00:00.000000Z,90804,4064.135,4080.861,4041.775,4043.791,4064.135,4080.861,4041.775,4043.791,4065.059,4081.684,4042.865,4044.83
2024-07-17T17:00:00.000000Z,29122,4043.824,4050.517,4036.622,4041.906,4043.824,4050.517,4036.622,4041.906,4044.83,4051.508,4037.545,4043.226
2024-07-17T21:00:00.000000Z,20868,4042.324,4050.464,4041.187,4048.143,4042.324,4050.464,4041.187,4048.143,4043.973,4051.703,4043.018,4049.117
2024-07-18T01:00:00.000000Z,48242,4048.143,4065.194,4047.416,4060.035,4048.143,4065.194,4047.416,4060.035,4049.183,4066.12,4048.571,4060.925
2024-07-18T05:00:00.000000Z,59726,4060.002,4075.63,4058.229,4061.671,4060.002,4075.63,4058.229,4061.671,4060.992,4076.738,4059.201,4062.695
2024-07-18T09:00:00.000000Z,52101,4061.604,4065.846,4054.505,4056.657,4061.604,4065.846,4054.505,4056.657,4062.695,4066.903,4055.466,4057.68
2024-07-18T13:00:00.000000Z,87262,4056.639,4066.995,4046.802,4050.399,4056.639,4066.995,4046.802,4050.399,4057.679,4067.852,4047.908,4051.323
2024-07-18T17:00:00.000000Z,37603,4050.265,4056.031,4033.62,4044.733,4050.265,4056.031,4033.62,4044.733,4051.323,4057.005,4034.545,4045.641
2024-07-18T21:00:00.000000Z,21232,4043.208,4045.02,4018.537,4033.991,4043.208,4045.02,4018.537,4033.991,4043.833,4046.162,4019.561,4034.95
2024-07-19T01:00:00.000000Z,48857,4034.008,4035.097,4014.383,4026.967,4034.008,4035.097,4014.383,4026.967,4034.95,4036.256,4015.591,4027.91
2024-07-19T05:00:00.000000Z,63502,4027.051,4027.636,4002.273,4016.114,4027.051,4027.636,4002.273,4016.114,4027.91,4028.445,4003.38,4017.14
2024-07-19T09:00:00.000000Z,60589,4016.131,4017.926,3988.41,3992.892,4016.131,4017.926,3988.41,3992.892,4017.19,4018.802,3989.385,3993.834
2024-07-19T13:00:00.000000Z,81878,3992.942,4000.252,3977.57,3990.639,3992.942,4000.252,3977.57,3990.639,3993.884,4001.444,3978.512,3991.681
2024-07-19T17:00:00.000000Z,24864,3990.739,3995.642,3983.788,3994.844,3990.739,3995.642,3983.788,3994.844,3991.93,3996.801,3984.846,3996.119
2024-07-21T21:00:00.000000Z,20110,3994.667,4006.372,3992.374,4003.012,3994.667,4006.372,3992.374,4003.012,3996.075,4007.515,3993.881,4004.088
2024-07-22T01:00:00.000000Z,45598,4003.079,4014.952,4000.119,4013.368,4003.079,4014.952,4000.119,4013.368,4004.221,4016.08,4001.145,4014.413
2024-07-22T05:00:00.000000Z,55333,4013.368,4017.059,3999.187,4000.637,4013.368,4017.059,3999.187,4000.637,4014.346,4018.07,4000.147,4001.697
2024-07-22T09:00:00.000000Z,53939,4000.637,4012.484,3988.549,3999.286,4000.637,4012.484,3988.549,3999.286,4001.713,4013.477,3989.543,4000.38
2024-07-22T13:00:00.000000Z,71976,3999.352,4010.414,3988.376,4005.378,3999.352,4010.414,3988.376,4005.378,4000.447,4011.443,3989.354,4006.222
2024-07-22T17:00:00.000000Z,24800,4005.478,4014.944,4000.908,4007.38,4005.478,4014.944,4000.908,4007.38,4006.256,4016.007,4001.986,4008.744
2024-07-22T21:00:00.000000Z,13988,4010.493,4021.269,4005.306,4021.067,4010.493,4021.269,4005.306,4021.067,4011.824,4022.249,4006.251,4021.946
2024-07-23T01:00:00.000000Z,46543,4021.067,4027.94,4013.796,4016.767,4021.067,4027.94,4013.796,4016.767,4022.013,4028.886,4014.855,4017.864
2024-07-23T05:00:00.000000Z,60682,4016.767,4035.33,4001.731,4030.521,4016.767,4035.33,4001.731,4030.521,4017.797,4036.361,4002.726,4031.636
2024-07-23T09:00:00.000000Z,57841,4030.538,4042.864,4029.231,4034.966,4030.538,4042.864,4029.231,4034.966,4031.569,4043.964,4030.279,4036.014
2024-07-23T13:00:00.000000Z,66887,4035.101,4042.599,4028.26,4039.899,4035.101,4042.599,4028.26,4039.899,4036.014,4043.582,4029.241,4040.965
2024-07-23T17:00:00.000000Z,29363,4039.967,4046.861,4035.576,4045.22,4039.967,4046.861,4035.576,4045.22,4040.981,4047.775,4036.666,4046.268
2024-07-23T21:00:00.000000Z,11698,4045.372,4055.12,4043.111,4050.688,4045.372,4055.12,4043.111,4050.688,4046.489,4056.255,4044.212,4051.721
2024-07-24T01:00:00.000000Z,53672,4050.688,4085.527,4048.44,4084.946,4050.688,4085.527,4048.44,4084.946,4051.687,4086.567,4049.491,4085.982
2024-07-24T05:00:00.000000Z,55447,4084.98,4085.218,4065.043,4069.308,4084.98,4085.218,4065.043,4069.308,4086.016,4086.254,4066.077,4070.206
2024-07-24T09:00:00.000000Z,54415,4069.359,4076.355,4060.6,4071.233,4069.359,4076.355,4060.6,4071.233,4070.206,4077.473,4061.566,4072.045
2024-07-24T13:00:00.000000Z,83877,4071.3,4088.836,4061.617,4069.473,4071.3,4088.836,4061.617,4069.473,4072.231,4089.804,4062.565,4070.507
2024-07-24T17:00:00.000000Z,39776,4069.405,4070.15,4040.997,4041.942,4069.405,4070.15,4040.997,4041.942,4070.507,4071.118,4042.168,4043.35
2024-07-24T21:00:00.000000Z,21609,4042.425,4054.013,4035.61,4049.407,4042.425,4054.013,4035.61,4049.407,4043.727,4055.138,4036.83,4050.306
2024-07-25T01:00:00.000000Z,76114,4049.338,4055.316,3998.064,4020.351,4049.338,4055.316,3998.064,4020.351,4050.306,4056.386,3999.216,4021.266
2024-07-25T05:00:00.000000Z,71466,4020.283,4021.446,4001.801,4016.195,4020.283,4021.446,4001.801,4016.195,4021.266,4022.48,4002.665,4017.416
2024-07-25T09:00:00.000000Z,74253,4015.975,4035.395,4007.437,4023.051,4015.975,4035.395,4007.437,4023.051,4017.162,4036.329,4008.337,4024.155
2024-07-25T13:00:00.000000Z,94906,4023.102,4027.807,3994.147,4000.753,4023.102,4027.807,3994.147,4000.753,4024.241,4028.792,3994.995,4001.533
2024-07-25T17:00:00.000000Z,40067,4000.685,4018.222,3990.189,4015.227,4000.685,4018.222,3990.189,4015.227,4001.533,4019.395,3991.207,4016.893
2024-07-25T21:00:00.000000Z,17426,4015.806,4017.521,4011.488,4013.088,4015.806,4017.521,4011.488,4013.088,4017.302,4018.609,4012.609,4013.92
2024-07-26T01:00:00.000000Z,52419,4013.02,4040.272,3999.737,4023.679,4013.02,4040.272,3999.737,4023.679,4013.903,4041.394,4000.925,4024.63
2024-07-26T05:00:00.000000Z,51709,4023.679,4031.256,4014.285,4019.659,4023.679,4031.256,4014.285,4019.659,4024.614,4032.412,4015.184,4020.711
2024-07-26T09:00:00.000000Z,49321,4019.659,4035.891,4019.104,4032.816,4019.659,4035.891,4019.104,4032.816,4020.677,4036.859,4020.072,4033.818
2024-07-26T13:00:00.000000Z,76422,4032.884,4055.982,4025.319,4050.002,4032.884,4055.982,4025.319,4050.002,4033.852,4056.898,4026.234,4051.124
2024-07-26T17:00:00.000000Z,27498,4050.002,4055.559,4040.059,4053.851,4050.002,4055.559,4040.059,4053.851,4050.987,4056.929,4040.705,4055.315
2024-07-28T21:00:00.000000Z,23751,4051.483,4075.466,4050.909,4069.168,4051.483,4075.466,4050.909,4069.168,4053.357,4077.24,4053.022,4070.001
2024-07-29T01:00:00.000000Z,46149,4069.168,4073.393,4051.283,4068.562,4069.168,4073.393,4051.283,4068.562,4070.07,4074.344,4052.371,4069.567
2024-07-29T05:00:00.000000Z,54807,4068.562,4070.028,4057.217,4065.875,4068.562,4070.028,4057.217,4065.875,4069.636,4071.015,4058.204,4066.88
2024-07-29T09:00:00.000000Z,46903,4065.806,4079.488,4062.255,4078.959,4065.806,4079.488,4062.255,4078.959,4066.811,4080.51,4063.226,4079.948
2024-07-29T13:00:00.000000Z,73102,4078.959,4082.964,4037.48,4047.893,4078.959,4082.964,4037.48,4047.893,4079.931,4083.867,4038.348,4048.778
2024-07-29T17:00:00.000000Z,26178,4047.825,4057.717,4045.077,4056.083,4047.825,4057.717,4045.077,4056.083,4048.709,4058.809,4046.235,4057.466
2024-07-29T21:00:00.000000Z,12773,4052.317,4055.917,4048.664,4052.141,4052.317,4055.917,4048.664,4052.141,4053.544,4056.973,4049.873,4053.162
2024-07-30T01:00:00.000000Z,44942,4052.124,4057.044,4045.034,4050.216,4052.124,4057.044,4045.034,4050.216,4053.231,4057.997,4046.139,4051.133
2024-07-30T05:00:00.000000Z,53843,4050.166,4059.051,4048.859,4052.59,4050.166,4059.051,4048.859,4052.59,4051.168,4060.019,4050.015,4053.695
2024-07-30T09:00:00.000000Z,44656,4052.59,4061.131,4049.831,4053.499,4052.59,4061.131,4049.831,4053.499,4053.712,4061.961,4050.734,4054.468
2024-07-30T13:00:00.000000Z,85480,4053.43,4068.581,4041.675,4067.053,4053.43,4068.581,4041.675,4067.053,4054.537,4069.638,4042.659,4067.886
2024-07-30T17:00:00.000000Z,42667,4067.069,4087.843,4067.0,4083.299,4067.069,4087.843,4067.0,4083.299,4067.9,4089.139,4067.9,4084.609
2024-07-30T21:00:00.000000Z,18183,4081.988,4082.887,4076.759,4079.677,4081.988,4082.887,4076.759,4079.677,4083.403,4083.955,4077.795,4080.613
2024-07-31T01:00:00.000000Z,66904,4079.522,4100.084,4066.517,4098.278,4079.522,4100.084,4066.517,4098.278,4080.544,4101.053,4067.657,4099.383
2024-07-31T05:00:00.000000Z,66890,4098.295,4105.2,4077.134,4092.862,4098.295,4105.2,4077.134,4092.862,4099.383,4106.272,4078.119,4094.018
2024-07-31T09:00:00.000000Z,53822,4092.879,4097.149,4078.865,4079.206,4092.879,4097.149,4078.865,4079.206,4094.052,4098.155,4079.831,4080.12
2024-07-31T13:00:00.000000Z,79160,4079.206,4089.327,4072.588,4082.812,4079.206,4089.327,4072.588,4082.812,4080.189,4090.265,4073.537,4083.693
2024-07-31T17:00:00.000000Z,66025,4082.863,4117.822,4075.484,4112.132,4082.863,4117.822,4075.484,4112.132,4083.878,4118.89,4078.738,4113.611
2024-07-31T21:00:00.000000Z,22888,4109.615,4112.283,4103.42,4107.435,4109.615,4112.283,4103.42,4107.435,4110.669,4113.383,4104.353,4108.538
2024-08-01T01:00:00.000000Z,70635,4107.251,4126.027,4091.342,4105.137,4107.251,4126.027,4091.342,4105.137,4108.32,4127.233,4092.222,4106.342
2024-08-01T05:00:00.000000Z,74288,4104.999,4115.338,4095.514,4097.678,4104.999,4115.338,4095.514,4097.678,4106.188,4116.459,4096.469,4098.544
2024-08-01T09:00:00.000000Z,66974,4097.593,4122.429,4089.102,4113.358,4097.593,4122.429,4089.102,4113.358,4098.544,4123.522,4090.022,4114.463
2024-08-01T13:00:00.000000Z,107747,4113.496,4119.78,4094.511,4103.677,4113.496,4119.78,4094.511,4103.677,4114.444,4120.768,4095.567,4104.59
2024-08-01T17:00:00.000000Z,50770,4103.709,4114.616,4089.962,4111.098,4103.709,4114.616,4089.962,4111.098,4104.64,4115.772,4090.858,4112.217
2024-08-01T21:00:00.000000Z,28139,4114.706,4131.753,4111.478,4124.371,4114.706,4131.753,4111.478,4124.371,4115.875,4132.827,4112.7,4125.543
2024-08-02T01:00:00.000000Z,66392,4124.371,4134.972,4099.397,4129.158,4124.371,4134.972,4099.397,4129.158,4125.509,4135.907,4100.548,4130.207
2024-08-02T05:00:00.000000Z,76258,4129.191,4148.306,4127.781,4140.667,4129.191,4148.306,4127.781,4140.667,4130.293,4149.177,4128.988,4141.599
2024-08-02T09:00:00.000000Z,81832,4140.785,4163.615,4110.681,4142.02,4140.785,4163.615,4110.681,4142.02,4141.751,4164.738,4115.681,4143.159
2024-08-02T13:00:00.000000Z,141280,4142.137,4144.303,4038.232,4075.314,4142.137,4144.303,4038.232,4075.314,4143.051,4145.399,4039.145,4076.279
2024-08-02T17:00:00.000000Z,50648,4075.231,4099.727,4065.293,4099.727,4075.231,4099.727,4065.293,4099.727,4076.279,4101.618,4066.122,4101.618
2024-08-04T21:00:00.000000Z,55327,4104.626,4113.576,4062.753,4069.57,4104.626,4113.576,4062.753,4069.57,4106.233,4115.388,4063.533,4070.892
2024-08-05T01:00:00.000000Z,98725,4069.587,4142.842,4067.475,4126.504,4069.587,4142.842,4067.475,4126.504,4070.892,4143.792,4068.83,4127.623
2024-08-05T05:00:00.000000Z,132601,4126.52,4158.607,4084.743,4092.186,4126.52,4158.607,4084.743,4092.186,4127.484,4159.83,4085.765,4093.549
2024-08-05T09:00:00.000000Z,118362,4092.303,4094.952,3984.22,4001.827,4092.303,4094.952,3984.22,4001.827,4093.701,4096.003,3985.184,4002.859
2024-08-05T13:00:00.000000Z,145558,4001.877,4067.202,4001.265,4054.562,4001.877,4067.202,4001.265,4054.562,4002.977,4068.255,4002.379,4055.526
2024-08-05T17:00:00.000000Z,62342,4054.579,4065.289,4048.227,4056.965,4054.579,4065.289,4048.227,4056.965,4055.475,4066.465,4049.308,4058.68
2024-08-05T21:00:00.000000Z,41787,4057.031,4058.331,4032.237,4043.051,4057.031,4058.331,4032.237,4043.051,4058.357,4059.789,4033.643,4044.149
2024-08-06T01:00:00.000000Z,76046,4042.981,4066.651,4038.674,4060.684,4042.981,4066.651,4038.674,4060.684,4044.231,4067.686,4039.77,4061.703
2024-08-06T05:00:00.000000Z,96615,4060.718,4079.996,4042.052,4065.364,4060.718,4079.996,4042.052,4065.364,4061.703,4081.1,4043.054,4066.298
2024-08-06T09:00:00.000000Z,88278,4065.465,4081.551,4040.423,4046.461,4065.465,4081.551,4040.423,4046.461,4066.568,4082.625,4041.424,4047.343
2024-08-06T13:00:00.000000Z,111262,4046.444,4056.082,4000.476,4010.881,4046.444,4056.082,4000.476,4010.881,4047.276,4057.031,4001.321,4011.727
2024-08-06T17:00:00.000000Z,47541,4010.932,4018.523,4005.476,4013.879,4010.932,4018.523,4005.476,4013.879,4011.794,4019.435,4006.574,4015.264
2024-08-06T21:00:00.000000Z,36024,4013.878,4014.822,3974.254,3978.695,4013.878,4014.822,3974.254,3978.695,4015.364,4016.105,3975.297,3979.838
2024-08-07T01:00:00.000000Z,87783,3978.779,3985.274,3959.835,3982.31,3978.779,3985.274,3959.835,3982.31,3979.938,3986.331,3961.075,3983.419
2024-08-07T05:00:00.000000Z,82929,3982.21,3992.292,3971.37,3978.143,3982.21,3992.292,3971.37,3978.143,3983.286,3993.351,3972.411,3979.234
2024-08-07T09:00:00.000000Z,61608,3978.143,3998.391,3974.764,3992.528,3978.143,3998.391,3974.764,3992.528,3979.251,3999.333,3975.739,3993.586
2024-08-07T13:00:00.000000Z,89647,3992.743,3998.755,3977.884,3992.881,3992.743,3998.755,3977.884,3992.881,3993.669,3999.831,3978.66,3993.84
2024-08-07T17:00:00.000000Z,52735,3992.864,3994.991,3973.0,3974.266,3992.864,3994.991,3973.0,3974.266,3993.84,3996.017,3974.043,3975.525
2024-08-07T21:00:00.000000Z,29069,3973.737,3987.133,3972.359,3978.803,3973.737,3987.133,3972.359,3978.803,3975.245,3988.344,3973.583,3979.846
2024-08-08T01:00:00.000000Z,64387,3978.803,3992.535,3974.413,3989.505,3978.803,3992.535,3974.413,3989.505,3979.912,3993.711,3975.769,3990.515
2024-08-08T05:00:00.000000Z,68380,3989.489,4001.539,3985.58,3991.967,3989.489,4001.539,3985.58,3991.967,3990.565,4002.583,3986.473,3992.994
2024-08-08T09:00:00.000000Z,72028,3992.051,4029.45,3991.536,4025.532,3992.051,4029.45,3991.536,4025.532,3992.944,4030.63,3992.596,4026.495
2024-08-08T13:00:00.000000Z,97968,4025.516,4044.605,4015.936,4031.415,4025.516,4044.605,4015.936,4031.415,4026.495,4045.668,4016.881,4032.477
2024-08-08T17:00:00.000000Z,38220,4031.415,4039.984,4028.066,4035.705,4031.415,4039.984,4028.066,4035.705,4032.41,4041.063,4029.094,4037.066
2024-08-08T21:00:00.000000Z,22546,4034.95,4038.92,4032.334,4035.4,4034.95,4038.92,4032.334,4035.4,4036.362,4040.182,4033.537,4036.377
2024-08-09T01:00:00.000000Z,55498,4035.583,4035.583,4010.808,4022.273,4035.583,4035.583,4010.808,4022.273,4036.543,4036.543,4011.915,4023.398
2024-08-09T05:00:00.000000Z,64379,4022.257,4029.993,4007.427,4023.152,4022.257,4029.993,4007.427,4023.152,4023.398,4031.136,4008.468,4024.078
2024-08-09T09:00:00.000000Z,56493,4023.152,4044.349,4023.085,4042.685,4023.152,4044.349,4023.085,4042.685,4024.011,4045.361,4023.878,4043.662
2024-08-09T13:00:00.000000Z,86408,4042.501,4053.63,4027.47,4052.174,4042.501,4053.63,4027.47,4052.174,4043.48,4054.51,4028.447,4053.185
2024-08-09T17:00:00.000000Z,30775,4052.055,4055.64,4044.288,4051.69,4052.055,4055.64,4044.288,4051.69,4053.185,4056.484,4045.519,4053.274
2024-08-11T21:00:00.000000Z,17205,4046.471,4061.159,4037.44,4041.915,4046.471,4061.159,4037.44,4041.915,4048.257,4062.069,4038.482,4042.959
2024-08-12T01:00:00.000000Z,36686,4041.648,4046.618,4031.976,4046.401,4041.648,4046.618,4031.976,4046.401,4042.759,4047.661,4033.051,4047.461
2024-08-12T05:00:00.000000Z,50138,4046.384,4059.131,4040.324,4050.749,4046.384,4059.131,4040.324,4050.749,4047.495,4060.11,4041.267,4051.708
2024-08-12T09:00:00.000000Z,42208,4050.765,4060.282,4046.999,4058.769,4050.765,4060.282,4046.999,4058.769,4051.708,4061.224,4048.008,4059.746
2024-08-12T13:00:00.000000Z,77035,4058.769,4097.581,4053.992,4095.173,4058.769,4097.581,4053.992,4095.173,4059.779,4098.626,4054.954,4095.902
2024-08-12T17:00:00.000000Z,33124,4095.173,4109.6,4088.953,4107.364,4095.173,4109.6,4088.953,4107.364,4095.969,4110.902,4089.782,4108.664
2024-08-12T21:00:00.000000Z,22354,4103.391,4111.34,4100.077,4103.879,4103.391,4111.34,4100.077,4103.879,4104.593,4112.485,4101.207,4104.874
2024-08-13T01:00:00.000000Z,52184,4103.862,4105.326,4075.7,4079.205,4103.862,4105.326,4075.7,4079.205,4104.841,4106.337,4076.726,4080.131
2024-08-13T05:00:00.000000Z,51228,4079.205,4085.005,4069.43,4074.303,4079.205,4085.005,4069.43,4074.303,4080.248,4085.835,4070.324,4075.364
2024-08-13T09:00:00.000000Z,56422,4074.22,4089.695,4069.931,4076.477,4074.22,4089.695,4069.931,4076.477,4075.331,4093.077,4070.975,4077.452
2024-08-13T13:00:00.000000Z,78678,4076.342,4087.258,4061.047,4068.408,4076.342,4087.258,4061.047,4068.408,4077.368,4088.322,4062.039,4069.367
2024-08-13T17:00:00.000000Z,32589,4068.408,4070.028,4049.958,4055.515,4068.408,4070.028,4049.958,4055.515,4069.416,4071.002,4050.947,4056.688
2024-08-13T21:00:00.000000Z,18160,4058.872,4059.841,4051.078,4054.898,4058.872,4059.841,4051.078,4054.898,4060.546,4061.292,4052.15,4055.857
2024-08-14T01:00:00.000000Z,64273,4055.032,4099.241,4054.508,4097.989,4055.032,4099.241,4054.508,4097.989,4055.857,4100.362,4055.513,4098.8
2024-08-14T05:00:00.000000Z,45777,4097.579,4127.241,4088.788,4115.574,4097.579,4127.241,4088.788,4115.574,4098.595,4128.192,4089.903,4116.57
2024-08-14T09:00:00.000000Z,51391,4115.407,4122.083,4099.307,4107.369,4115.407,4122.083,4099.307,4107.369,4116.487,4123.081,4100.558,4108.197
2024-08-14T13:00:00.000000Z,88434,4107.437,4108.807,4054.891,4065.44,4107.437,4108.807,4054.891,4065.44,4108.317,4109.72,4055.836,4066.318
2024-08-14T17:00:00.000000Z,25819,4065.44,4081.874,4062.075,4081.576,4065.44,4081.874,4062.075,4081.576,4066.335,4082.989,4063.038,4082.454
2024-08-14T21:00:00.000000Z,18318,4079.825,4093.177,4076.721,4086.147,4079.825,4093.177,4076.721,4086.147,4081.137,4094.26,4077.595,4087.383
2024-08-15T01:00:00.000000Z,52635,4086.215,4098.982,4083.06,4085.435,4086.215,4098.982,4083.06,4085.435,4087.383,4099.826,4084.135,4086.6
2024-08-15T05:00:00.000000Z,48540,4085.503,4094.697,4079.496,4092.682,4085.503,4094.697,4079.496,4092.682,4086.6,4095.782,4080.644,4093.611
2024-08-15T09:00:00.000000Z,57869,4092.614,4109.957,4077.243,4077.277,4092.614,4109.957,4077.243,4077.277,4093.611,4111.16,4078.122,4078.222
2024-08-15T13:00:00.000000Z,90962,4077.409,4096.626,4063.275,4092.061,4077.409,4096.626,4063.275,4092.061,4078.374,4097.443,4064.305,4093.107
2024-08-15T17:00:00.000000Z,34016,4092.194,4107.231,4088.362,4104.355,4092.194,4107.231,4088.362,4104.355,4093.19,4108.148,4089.359,4105.574
2024-08-15T21:00:00.000000Z,16625,4104.0,4110.941,4100.836,4104.546,4104.0,4110.941,4100.836,4104.546,4105.044,4111.993,4102.056,4105.528
2024-08-16T01:00:00.000000Z,40451,4104.846,4106.281,4077.329,4077.579,4104.846,4106.281,4077.329,4077.579,4105.725,4107.347,4078.409,4078.625
2024-08-16T05:00:00.000000Z,49133,4077.596,4096.842,4071.281,4090.699,4077.596,4096.842,4071.281,4090.699,4078.625,4097.67,4072.275,4091.763
2024-08-16T09:00:00.000000Z,56628,4090.699,4137.253,4084.063,4136.167,4090.699,4137.253,4084.063,4136.167,4091.848,4138.079,4085.124,4137.127
2024-08-16T13:00:00.000000Z,89165,4136.164,4147.841,4116.88,4131.134,4136.164,4147.841,4116.88,4131.134,4136.921,4148.496,4117.81,4132.061
2024-08-16T17:00:00.000000Z,29650,4131.033,4146.195,4126.036,4141.35,4131.033,4146.195,4126.036,4141.35,4131.959,4147.043,4127.097,4143.633
2024-08-18T21:00:00.000000Z,20037,4139.729,4140.458,4125.749,4130.871,4139.729,4140.458,4125.749,4130.871,4141.129,4141.905,4126.798,4131.998
2024-08-19T01:00:00.000000Z,58885,4131.069,4136.189,4108.454,4112.108,4131.069,4136.189,4108.454,4112.108,4131.93,4137.355,4109.601,4113.301
2024-08-19T05:00:00.000000Z,61923,4112.141,4130.449,4107.927,4122.287,4112.141,4130.449,4107.927,4122.287,4113.233,4131.461,4109.179,4123.264
2024-08-19T09:00:00.000000Z,53569,4122.287,4124.127,4095.421,4101.523,4122.287,4124.127,4095.421,4101.523,4123.332,4125.064,4096.513,4102.266
2024-08-19T13:00:00.000000Z,78708,4101.572,4115.845,4092.673,4111.024,4101.572,4115.845,4092.673,4111.024,4102.266,4116.785,4093.596,4111.9
2024-08-19T17:00:00.000000Z,27938,4110.957,4111.737,4093.361,4095.466,4110.957,4111.737,4093.361,4095.466,4111.883,4112.56,4094.661,4096.722
2024-08-19T21:00:00.000000Z,14990,4095.519,4099.296,4090.987,4093.477,4095.519,4099.296,4090.987,4093.477,4096.772,4100.321,4092.026,4094.583
2024-08-20T01:00:00.000000Z,47728,4093.477,4095.276,4081.198,4086.829,4093.477,4095.276,4081.198,4086.829,4094.65,4096.339,4082.103,4087.834
2024-08-20T05:00:00.000000Z,62650,4086.762,4111.735,4077.241,4106.154,4086.762,4111.735,4077.241,4106.154,4087.834,4112.657,4078.361,4107.208
2024-08-20T09:00:00.000000Z,59223,4106.187,4117.942,4104.883,4111.686,4106.187,4117.942,4104.883,4111.686,4107.322,4119.048,4105.884,4112.773
2024-08-20T13:00:00.000000Z,91437,4111.686,4121.015,4071.042,4082.713,4111.686,4121.015,4071.042,4082.713,4112.756,4122.018,4071.914,4083.682
2024-08-20T17:00:00.000000Z,32515,4082.729,4089.979,4078.917,4084.602,4082.729,4089.979,4078.917,4084.602,4083.682,4090.883,4079.687,4086.018
2024-08-20T21:00:00.000000Z,16244,4083.816,4086.217,4076.306,4078.041,4083.816,4086.217,4076.306,4078.041,4085.344,4087.45,4077.419,4079.205
2024-08-21T01:00:00.000000Z,45810,4078.122,4098.778,4077.19,4095.8,4078.122,4098.778,4077.19,4095.8,4079.303,4099.731,4078.287,4096.853
2024-08-21T05:00:00.000000Z,51315,4095.784,4101.936,4083.116,4084.135,4095.784,4101.936,4083.116,4084.135,4096.887,4102.971,4084.022,4085.223
2024-08-21T09:00:00.000000Z,47069,4084.138,4094.875,4079.32,4084.44,4084.138,4094.875,4079.32,4084.44,4085.093,4095.87,4080.356,4085.574
2024-08-21T13:00:00.000000Z,95763,4084.489,4087.881,4058.839,4072.316,4084.489,4087.881,4058.839,4072.316,4085.574,4088.932,4059.709,4073.301
2024-08-21T17:00:00.000000Z,36726,4072.414,4085.181,4070.241,4079.493,4072.414,4085.181,4070.241,4079.493,4073.316,4086.086,4071.241,4080.939
2024-08-21T21:00:00.000000Z,15490,4078.002,4084.509,4074.75,4083.883,4078.002,4084.509,4074.75,4083.883,4079.825,4085.429,4075.931,4085.016
2024-08-22T01:00:00.000000Z,45001,4083.736,4084.934,4062.746,4066.858,4083.736,4084.934,4062.746,4066.858,4084.984,4085.967,4063.7,4068.025
2024-08-22T05:00:00.000000Z,53204,4066.858,4074.33,4056.343,4063.247,4066.858,4074.33,4056.343,4063.247,4067.959,4075.38,4057.326,4064.247
2024-08-22T09:00:00.000000Z,59826,4063.247,4075.482,4058.715,4060.468,4063.247,4075.482,4058.715,4060.468,4064.198,4076.434,4059.798,4061.552
2024-08-22T13:00:00.000000Z,92963,4060.567,4063.998,4025.832,4046.834,4060.567,4063.998,4025.832,4046.834,4061.601,4064.85,4026.734,4047.918
2024-08-22T17:00:00.000000Z,34115,4046.9,4048.324,4036.594,4046.003,4046.9,4048.324,4036.594,4046.003,4047.918,4049.309,4037.464,4047.151
2024-08-22T21:00:00.000000Z,16245,4047.838,4053.136,4044.21,4050.972,4047.838,4053.136,4044.21,4050.972,4049.364,4054.185,4045.358,4052.105
2024-08-23T01:00:00.000000Z,42054,4051.038,4055.159,4042.631,4051.724,4051.038,4055.159,4042.631,4051.724,4052.105,4056.275,4043.664,4052.676
2024-08-23T05:00:00.000000Z,52942,4051.592,4062.947,4045.692,4060.544,4051.592,4062.947,4045.692,4060.544,4052.676,4063.932,4046.758,4061.577
2024-08-23T09:00:00.000000Z,47985,4060.544,4062.959,4054.836,4060.389,4060.544,4062.959,4054.836,4060.389,4061.643,4063.969,4055.756,4061.324
2024-08-23T13:00:00.000000Z,114032,4060.422,4068.13,4030.039,4039.095,4060.422,4068.13,4030.039,4039.095,4061.324,4069.23,4030.826,4039.945
2024-08-23T17:00:00.000000Z,34723,4039.095,4041.198,4024.887,4029.974,4039.095,4041.198,4024.887,4029.974,4039.929,4042.081,4025.643,4031.597
2024-08-25T21:00:00.000000Z,23876,4030.805,4043.263,4030.74,4035.864,4030.805,4043.263,4030.74,4035.864,4032.752,4044.22,4032.752,4036.842
2024-08-26T01:00:00.000000Z,43454,4035.88,4040.388,4032.173,4037.628,4035.88,4040.388,4032.173,4037.628,4036.842,4041.595,4033.28,4038.803
2024-08-26T05:00:00.000000Z,50711,4037.612,4068.39,4037.022,4066.272,4037.612,4068.39,4037.022,4066.272,4038.673,4069.322,4038.036,4067.219
2024-08-26T09:00:00.000000Z,51545,4066.272,4075.265,4064.422,4066.478,4066.272,4075.265,4064.422,4066.478,4067.203,4076.238,4065.469,4067.509
2024-08-26T13:00:00.000000Z,80104,4066.527,4070.472,4046.314,4055.759,4066.527,4070.472,4046.314,4055.759,4067.427,4071.345,4047.165,4056.658
2024-08-26T17:00:00.000000Z,27601,4055.743,4059.823,4051.479,4057.398,4055.743,4059.823,4051.479,4057.398,4056.691,4060.839,4052.524,4058.885
2024-08-26T21:00:00.000000Z,14705,4056.568,4057.606,4052.498,4055.102,4056.568,4057.606,4052.498,4055.102,4058.055,4058.605,4053.399,4056.181
2024-08-27T01:00:00.000000Z,41161,4055.133,4055.133,4030.363,4031.121,4055.133,4055.133,4030.363,4031.121,4056.245,4056.278,4031.213,4032.085
2024-08-27T05:00:00.000000Z,57502,4031.121,4046.92,4028.348,4037.817,4031.121,4046.92,4028.348,4037.817,4032.02,4047.867,4029.421,4038.764
2024-08-27T09:00:00.000000Z,53973,4037.768,4040.164,4026.859,4031.187,4037.768,4040.164,4026.859,4031.187,4038.667,4041.143,4027.919,4032.343
2024-08-27T13:00:00.000000Z,79440,4031.187,4043.344,4021.213,4032.002,4031.187,4043.344,4021.213,4032.002,4032.246,4044.452,4022.368,4032.98
2024-08-27T17:00:00.000000Z,30731,4031.938,4042.191,4029.267,4037.044,4031.938,4042.191,4029.267,4037.044,4032.98,4043.073,4030.18,4038.601
2024-08-27T21:00:00.000000Z,16740,4037.909,4047.761,4037.715,4040.198,4037.909,4047.761,4037.715,4040.198,4039.337,4048.773,4038.66,4041.288
2024-08-28T01:00:00.000000Z,47280,4040.263,4041.355,4018.45,4020.291,4040.263,4041.355,4018.45,4020.291,4041.418,4042.543,4019.411,4021.477
2024-08-28T05:00:00.000000Z,61416,4020.291,4028.306,4014.185,4016.343,4020.291,4028.306,4014.185,4016.343,4021.348,4029.318,4015.242,4017.352
2024-08-28T09:00:00.000000Z,58796,4016.263,4021.132,3999.078,4010.016,4016.263,4021.132,3999.078,4010.016,4017.304,4022.077,4000.056,4010.994
2024-08-28T13:00:00.000000Z,80150,4009.952,4024.02,4006.091,4012.021,4009.952,4024.02,4006.091,4012.021,4010.929,4024.919,4007.053,4013.078
2024-08-28T17:00:00.000000Z,35075,4012.021,4022.221,4007.133,4010.096,4012.021,4022.221,4007.133,4010.096,4013.014,4023.313,4008.062,4011.522
2024-08-28T21:00:00.000000Z,18298,4012.386,4019.392,4009.928,4012.498,4012.386,4019.392,4009.928,4012.498,4014.02,4020.289,4010.952,4013.538
2024-08-29T01:00:00.000000Z,45014,4012.402,4012.736,3994.269,3997.956,4012.402,4012.736,3994.269,3997.956,4013.554,4013.84,3995.226,3999.072
2024-08-29T05:00:00.000000Z,62162,3997.797,4014.697,3994.159,4011.274,3997.797,4014.697,3994.159,4011.274,3998.929,4015.624,3995.164,4012.201
2024-08-29T09:00:00.000000Z,66033,4011.29,4020.073,3999.832,4009.244,4011.29,4020.073,3999.832,4009.244,4012.297,4020.984,4000.823,4010.252
2024-08-29T13:00:00.000000Z,90458,4009.244,4038.031,4008.86,4030.768,4009.244,4038.031,4008.86,4030.768,4010.284,4039.041,4009.935,4031.583
2024-08-29T17:00:00.000000Z,34738,4030.768,4033.719,4026.504,4028.322,4030.768,4033.719,4026.504,4028.322,4031.519,4034.63,4027.462,4029.508
2024-08-29T21:00:00.000000Z,12996,4027.814,4029.081,4012.634,4014.47,4027.814,4029.081,4012.634,4014.47,4029.416,4030.039,4013.497,4015.493
2024-08-30T01:00:00.000000Z,39089,4014.662,4019.293,4009.092,4013.823,4014.662,4019.293,4009.092,4013.823,4015.637,4019.997,4009.875,4014.942
2024-08-30T05:00:00.000000Z,54249,4013.854,4035.923,4012.605,4028.64,4013.854,4035.923,4012.605,4028.64,4014.942,4036.932,4013.66,4029.601
2024-08-30T09:00:00.000000Z,57152,4028.64,4033.499,4018.126,4031.853,4028.64,4033.499,4018.126,4031.853,4029.536,4034.524,4019.102,4032.846
2024-08-30T13:00:00.000000Z,103356,4031.789,4032.714,4002.606,4004.707,4031.789,4032.714,4002.606,4004.707,4032.734,4033.756,4003.618,4005.716
2024-08-30T17:00:00.000000Z,32006,4004.627,4009.921,3999.047,4005.128,4004.627,4009.921,3999.047,4005.128,4005.588,4010.85,3999.991,4006.585
2024-09-01T21:00:00.000000Z,14501,4006.316,4009.057,4002.697,4003.193,4006.316,4009.057,4002.697,4003.193,4008.158,4009.921,4003.497,4004.089
2024-09-02T01:00:00.000000Z,44264,4003.209,4010.354,3992.376,4005.479,4003.209,4010.354,3992.376,4005.479,4004.089,4011.507,3993.337,4006.521
2024-09-02T05:00:00.000000Z,47448,4005.415,4023.021,3999.528,4020.77,4005.415,4023.021,3999.528,4020.77,4006.537,4024.063,4000.536,4021.893
2024-09-02T09:00:00.000000Z,34993,4020.754,4021.38,4008.768,4015.099,4020.754,4021.38,4008.768,4015.099,4021.748,4022.423,4009.665,4016.206
2024-09-02T13:00:00.000000Z,39698,4015.132,4019.716,4011.019,4014.362,4015.132,4019.716,4011.019,4014.362,4016.222,4020.807,4012.11,4015.405
2024-09-02T17:00:00.000000Z,2721,4014.556,4014.97,4009.089,4009.603,4014.556,4014.97,4009.089,4009.603,4015.534,4016.109,4010.228,4010.693
2024-09-02T21:00:00.000000Z,15371,4009.12,4014.118,4003.601,4009.665,4009.12,4014.118,4003.601,4009.665,4010.29,4015.096,4004.738,4010.45
2024-09-03T01:00:00.000000Z,55639,4009.553,4035.985,3999.013,4031.494,4009.553,4035.985,3999.013,4031.494,4010.466,4037.13,3999.894,4032.426
2024-09-03T05:00:00.000000Z,65567,4031.494,4044.937,4025.096,4041.527,4031.494,4044.937,4025.096,4041.527,4032.491,4045.944,4026.076,4042.379
2024-09-03T09:00:00.000000Z,72497,4041.527,4046.506,4015.948,4024.142,4041.527,4046.506,4015.948,4024.142,4042.541,4047.487,4016.994,4025.057
2024-09-03T13:00:00.000000Z,96249,4024.174,4028.253,3993.879,4016.816,4024.174,4028.253,3993.879,4016.816,4025.025,4029.086,3994.81,4017.797
2024-09-03T17:00:00.000000Z,37061,4016.703,4030.673,4016.298,4028.714,4016.703,4030.673,4016.298,4028.714,4017.748,4031.606,4017.393,4030.07
2024-09-03T21:00:00.000000Z,23079,4030.934,4039.035,4026.829,4038.646,4030.934,4039.035,4026.829,4038.646,4032.224,4040.131,4027.924,4039.693
2024-09-04T01:00:00.000000Z,41878,4038.761,4040.145,4031.167,4035.373,4038.761,4040.145,4031.167,4035.373,4039.662,4041.357,4032.214,4036.355
2024-09-04T05:00:00.000000Z,61665,4035.373,4036.988,4000.238,4002.504,4035.373,4036.988,4000.238,4002.504,4036.338,4038.067,4001.121,4003.404
2024-09-04T09:00:00.000000Z,63094,4002.649,4026.817,3998.782,4016.164,4002.649,4026.817,3998.782,4016.164,4003.533,4027.798,3999.86,4017.177
2024-09-04T13:00:00.000000Z,88977,4016.245,4028.214,4003.737,4025.664,4016.245,4028.214,4003.737,4025.664,4017.241,4029.146,4004.862,4026.499
2024-09-04T17:00:00.000000Z,33073,4025.664,4028.406,4019.783,4024.769,4025.664,4028.406,4019.783,4024.769,4026.596,4029.387,4020.73,4026.22
2024-09-04T21:00:00.000000Z,17400,4024.884,4038.432,4023.771,4034.111,4024.884,4038.432,4023.771,4034.111,4026.075,4039.496,4024.848,4035.141
2024-09-05T01:00:00.000000Z,39870,4034.144,4036.588,4020.97,4021.763,4034.144,4036.588,4020.97,4021.763,4035.141,4037.7,4021.886,4022.824
2024-09-05T05:00:00.000000Z,57593,4021.763,4057.605,4021.13,4053.057,4021.763,4057.605,4021.13,4053.057,4022.759,4058.604,4022.078,4054.037
2024-09-05T09:00:00.000000Z,63754,4053.138,4057.938,4045.253,4049.227,4053.138,4057.938,4045.253,4049.227,4054.134,4058.913,4046.411,4050.077
2024-09-05T13:00:00.000000Z,92966,4049.097,4057.658,4033.214,4037.534,4049.097,4057.658,4033.214,4037.534,4049.946,4058.655,4034.362,4038.611
2024-09-05T17:00:00.000000Z,31575,4037.534,4044.941,4036.217,4042.871,4037.534,4044.941,4036.217,4042.871,4038.595,4045.873,4037.229,4044.418
2024-09-05T21:00:00.000000Z,13610,4042.489,4046.059,4041.209,4042.95,4042.489,4046.059,4041.209,4042.95,4044.001,4046.99,4042.414,4044.173
2024-09-06T01:00:00.000000Z,34268,4042.966,4053.152,4039.848,4050.026,4042.966,4053.152,4039.848,4050.026,4044.173,4054.132,4040.94,4050.844
2024-09-06T05:00:00.000000Z,51760,4050.026,4060.229,4039.06,4042.706,4050.026,4060.229,4039.06,4042.706,4050.795,4061.195,4039.958,4043.766
2024-09-06T09:00:00.000000Z,64484,4042.867,4049.518,4030.834,4044.283,4042.867,4049.518,4030.834,4044.283,4043.766,4053.248,4035.834,4045.439
2024-09-06T13:00:00.000000Z,141879,4044.347,4068.469,4028.67,4037.764,4044.347,4068.469,4028.67,4037.764,4045.617,4069.498,4029.666,4038.665
2024-09-06T17:00:00.000000Z,46522,4037.715,4045.775,4034.869,4044.126,4037.715,4045.775,4034.869,4044.126,4038.649,4046.971,4035.918,4045.793
2024-09-08T21:00:00.000000Z,20364,4044.205,4049.077,4040.735,4043.627,4044.205,4049.077,4040.735,4043.627,4045.905,4049.962,4041.766,4044.609
2024-09-09T01:00:00.000000Z,46173,4043.643,4050.154,4036.111,4049.701,4043.643,4050.154,4036.111,4049.701,4044.674,4051.154,4037.224,4050.766
2024-09-09T05:00:00.000000Z,68016,4049.684,4063.045,4036.03,4061.341,4049.684,4063.045,4036.03,4061.341,4050.733,4064.047,4037.047,4062.309
2024-09-09T09:00:00.000000Z,55378,4061.341,4080.025,4061.211,4075.969,4061.341,4080.025,4061.211,4075.969,4062.376,4081.026,4062.279,4076.906
2024-09-09T13:00:00.000000Z,76026,4075.952,4079.448,4059.834,4068.409,4075.952,4079.448,4059.834,4068.409,4076.922,4080.386,4060.719,4069.246
2024-09-09T17:00:00.000000Z,31142,4068.277,4079.855,4062.338,4077.792,4068.277,4079.855,4062.338,4077.792,4069.18,4080.908,4063.342,4079.173
2024-09-09T21:00:00.000000Z,14872,4076.813,4086.054,4075.152,4085.101,4076.813,4086.054,4075.152,4085.101,4078.479,4087.205,4076.274,4086.288
2024-09-10T01:00:00.000000Z,38975,4085.248,4085.772,4067.678,4068.383,4085.248,4085.772,4067.678,4068.383,4086.451,4086.859,4068.795,4069.469
2024-09-10T05:00:00.000000Z,50315,4068.383,4073.429,4064.204,4068.485,4068.383,4073.429,4064.204,4068.485,4069.385,4074.461,4065.059,4069.453
2024-09-10T09:00:00.000000Z,56026,4068.485,4084.568,4061.715,4084.443,4068.485,4084.568,4061.715,4084.443,4069.437,4085.478,4062.633,4085.478
2024-09-10T13:00:00.000000Z,87718,4084.509,4089.523,4068.506,4088.143,4084.509,4089.523,4068.506,4088.143,4085.593,4090.544,4069.493,4089.326
2024-09-10T17:00:00.000000Z,34978,4088.127,4092.248,4082.462,4091.819,4088.127,4092.248,4082.462,4091.819,4089.377,4093.515,4083.512,4093.318
2024-09-10T21:00:00.000000Z,15368,4091.923,4099.585,4090.282,4097.185,4091.923,4099.585,4090.282,4097.185,4093.373,4100.725,4091.532,4098.206
2024-09-11T01:00:00.000000Z,53787,4097.118,4105.396,4093.41,4102.066,4097.118,4105.396,4093.41,4102.066,4098.222,4106.383,4094.457,4103.04
2024-09-11T05:00:00.000000Z,68501,4102.034,4112.233,4099.326,4106.695,4102.034,4112.233,4099.326,4106.695,4102.973,4113.268,4100.233,4107.765
2024-09-11T09:00:00.000000Z,72367,4106.793,4114.895,4088.943,4093.304,4106.793,4114.895,4088.943,4093.304,4107.846,4117.456,4089.818,4094.324
2024-09-11T13:00:00.000000Z,114839,4093.407,4115.569,4085.146,4106.609,4093.407,4115.569,4085.146,4106.609,4094.344,4116.69,4086.198,4107.71
2024-09-11T17:00:00.000000Z,42951,4106.609,4108.047,4090.173,4091.91,4106.609,4108.047,4090.173,4091.91,4107.644,4109.009,4091.226,4093.594
2024-09-11T21:00:00.000000Z,13671,4094.4,4097.088,4092.368,4096.858,4094.4,4097.088,4092.368,4096.858,4096.147,4098.156,4093.192,4097.812
2024-09-12T01:00:00.000000Z,37617,4096.791,4101.993,4091.176,4091.389,4096.791,4101.993,4091.176,4091.389,4097.746,4103.179,4092.312,4092.394
2024-09-12T05:00:00.000000Z,53225,4091.455,4106.531,4090.351,4104.953,4091.455,4106.531,4090.351,4104.953,4092.394,4107.406,4091.387,4106.026
2024-09-12T09:00:00.000000Z,64830,4104.953,4127.781,4095.151,4116.99,4104.953,4127.781,4095.151,4116.99,4105.892,4128.82,4096.032,4117.948
2024-09-12T13:00:00.000000Z,106718,4117.057,4155.07,4107.479,4141.172,4117.057,4155.07,4107.479,4141.172,4117.948,4155.98,4108.68,4141.957
2024-09-12T17:00:00.000000Z,52652,4141.139,4145.306,4135.581,4137.324,4141.139,4145.306,4135.581,4137.324,4142.021,4146.512,4136.287,4138.426
2024-09-12T21:00:00.000000Z,18610,4136.287,4139.132,4131.657,4137.104,4136.287,4139.132,4131.657,4137.104,4137.387,4140.093,4132.833,4138.058
2024-09-13T01:00:00.000000Z,52516,4136.954,4155.616,4136.357,4154.367,4136.954,4155.616,4136.357,4154.367,4137.992,4156.792,4137.298,4155.318
2024-09-13T05:00:00.000000Z,62104,4154.351,4158.146,4148.204,4156.348,4154.351,4158.146,4148.204,4156.348,4155.318,4159.099,4149.099,4157.417
2024-09-13T09:00:00.000000Z,59176,4155.928,4174.637,4150.166,4173.963,4155.928,4174.637,4150.166,4173.963,4156.916,4175.578,4151.218,4174.936
2024-09-13T13:00:00.000000Z,85062,4173.892,4194.407,4167.548,4192.86,4173.892,4194.407,4167.548,4192.86,4174.882,4195.425,4168.585,4193.806
2024-09-13T17:00:00.000000Z,29171,4192.86,4196.055,4185.291,4187.414,4192.86,4196.055,4185.291,4187.414,4193.738,4197.096,4186.846,4189.174
2024-09-15T21:00:00.000000Z,16223,4183.957,4190.434,4181.832,4188.268,4183.957,4190.434,4181.832,4188.268,4185.58,4191.393,4182.89,4189.362
2024-09-16T01:00:00.000000Z,30577,4188.336,4203.175,4182.871,4186.976,4188.336,4203.175,4182.871,4186.976,4189.43,4204.235,4183.893,4188.102
2024-09-16T05:00:00.000000Z,51912,4186.992,4194.446,4174.086,4178.632,4186.992,4194.446,4174.086,4178.632,4188.134,4195.485,4174.902,4179.717
2024-09-16T09:00:00.000000Z,57499,4178.632,4181.144,4159.653,4174.054,4178.632,4181.144,4159.653,4174.054,4179.785,4182.059,4160.429,4174.94
2024-09-16T13:00:00.000000Z,74896,4174.016,4183.438,4163.098,4172.743,4174.016,4183.438,4163.098,4172.743,4174.867,4184.493,4164.278,4173.892
2024-09-16T17:00:00.000000Z,28026,4172.71,4174.463,4163.312,4163.96,4172.71,4174.463,4163.312,4163.96,4173.763,4175.433,4164.463,4165.272
2024-09-16T21:00:00.000000Z,13509,4166.207,4174.37,4164.511,4172.586,4166.207,4174.37,4164.511,4172.586,4167.603,4175.623,4165.772,4173.607
2024-09-17T01:00:00.000000Z,35342,4172.586,4176.521,4160.158,4163.349,4172.586,4176.521,4160.158,4163.349,4173.591,4177.545,4161.186,4164.321
2024-09-17T05:00:00.000000Z,51020,4163.349,4175.65,4151.912,4155.978,4163.349,4175.65,4151.912,4155.978,4164.272,4176.622,4152.937,4157.095
2024-09-17T09:00:00.000000Z,67036,4155.911,4167.125,4142.533,4166.977,4155.911,4167.125,4142.533,4166.977,4156.894,4168.092,4143.549,4167.979
2024-09-17T13:00:00.000000Z,88332,4167.332,4172.816,4142.547,4145.255,4167.332,4172.816,4142.547,4145.255,4168.111,4173.718,4143.32,4146.437
2024-09-17T17:00:00.000000Z,38785,4145.322,4157.548,4142.168,4154.65,4145.322,4157.548,4142.168,4154.65,4146.437,4158.564,4143.119,4155.853
2024-09-17T21:00:00.000000Z,15646,4155.459,4157.875,4147.317,4150.006,4155.459,4157.875,4147.317,4150.006,4156.845,4158.954,4148.402,4151.055
2024-09-18T01:00:00.000000Z,48936,4150.039,4153.376,4141.141,4145.678,4150.039,4153.376,4141.141,4145.678,4151.039,4154.444,4142.255,4146.55
2024-09-18T05:00:00.000000Z,58328,4145.646,4145.978,4130.747,4132.709,4145.646,4145.978,4130.747,4132.709,4146.518,4146.921,4131.79,4133.547
2024-09-18T09:00:00.000000Z,55394,4132.576,4145.487,4127.339,4140.82,4132.576,4145.487,4127.339,4140.82,4133.48,4146.293,4128.219,4141.803
2024-09-18T13:00:00.000000Z,78654,4140.786,4145.947,4128.271,4144.879,4140.786,4145.947,4128.271,4144.879,4141.851,4146.758,4129.271,4145.646
2024-09-18T17:00:00.000000Z,137036,4144.879,4155.62,4110.645,4121.694,4144.879,4155.62,4110.645,4121.694,4145.648,4156.811,4111.643,4123.057
2024-09-18T21:00:00.000000Z,31376,4121.285,4136.813,4113.627,4135.839,4121.285,4136.813,4113.627,4135.839,4123.137,4137.876,4114.889,4136.943
2024-09-19T01:00:00.000000Z,73148,4135.839,4135.961,4115.038,4125.581,4135.839,4135.961,4115.038,4125.581,4136.895,4136.895,4116.105,4126.634
2024-09-19T05:00:00.000000Z,81447,4125.514,4147.177,4122.951,4131.161,4125.514,4147.177,4122.951,4131.161,4126.634,4147.9,4123.966,4132.125
2024-09-19T09:00:00.000000Z,87001,4131.145,4146.104,4126.768,4136.303,4131.145,4146.104,4126.768,4136.303,4132.043,4147.273,4127.895,4137.236
2024-09-19T13:00:00.000000Z,103151,4136.303,4151.872,4128.331,4150.925,4136.303,4151.872,4128.331,4150.925,4137.252,4152.894,4129.445,4151.956
2024-09-19T17:00:00.000000Z,46511,4150.925,4152.401,4140.17,4145.631,4150.925,4152.401,4140.17,4145.631,4152.004,4153.366,4141.167,4147.076
2024-09-19T21:00:00.000000Z,18376,4143.282,4151.988,4143.136,4150.996,4143.282,4151.988,4143.136,4150.996,4145.202,4152.975,4145.136,4152.026
2024-09-20T01:00:00.000000Z,55021,4150.863,4155.36,4146.766,4155.223,4150.863,4155.36,4146.766,4155.223,4152.042,4156.459,4147.714,4156.289
2024-09-20T05:00:00.000000Z,74728,4155.223,4185.277,4151.506,4184.039,4155.223,4185.277,4151.506,4184.039,4156.223,4186.189,4152.584,4184.722
2024-09-20T09:00:00.000000Z,67049,4184.055,4200.819,4175.53,4189.462,4184.055,4200.819,4175.53,4189.462,4184.722,4201.755,4176.454,4190.63
2024-09-20T13:00:00.000000Z,117569,4189.465,4211.501,4183.045,4200.908,4189.465,4211.501,4183.045,4200.908,4190.598,4212.435,4184.178,4201.922
2024-09-20T17:00:00.000000Z,53307,4200.94,4204.684,4196.735,4202.734,4200.94,4204.684,4196.735,4202.734,4201.922,4206.278,4197.772,4205.161
2024-09-22T21:00:00.000000Z,16205,4201.288,4203.997,4198.415,4198.87,4201.288,4203.997,4198.415,4198.87,4204.142,4205.351,4199.481,4199.744
2024-09-23T01:00:00.000000Z,47653,4198.642,4215.638,4196.287,4209.772,4198.642,4215.638,4196.287,4209.772,4199.632,4216.506,4197.357,4210.838
2024-09-23T05:00:00.000000Z,70263,4209.724,4211.429,4194.485,4195.795,4209.724,4211.429,4194.485,4195.795,4210.822,4212.367,4195.449,4196.762
2024-09-23T09:00:00.000000Z,58912,4195.727,4198.201,4189.793,4195.752,4195.727,4198.201,4189.793,4195.752,4196.762,4199.154,4190.734,4196.616
2024-09-23T13:00:00.000000Z,90864,4195.752,4206.254,4189.575,4192.484,4195.752,4206.254,4189.575,4192.484,4196.664,4207.367,4190.673,4193.398
2024-09-23T17:00:00.000000Z,34892,4192.35,4194.993,4183.014,4194.313,4192.35,4194.993,4183.014,4194.313,4193.347,4195.945,4183.879,4195.757
2024-09-23T21:00:00.000000Z,16368,4191.845,4194.154,4188.544,4190.888,4191.845,4194.154,4188.544,4190.888,4193.055,4195.286,4189.598,4191.837
2024-09-24T01:00:00.000000Z,61613,4190.936,4205.651,4189.969,4203.028,4190.936,4205.651,4189.969,4203.028,4191.933,4206.668,4191.034,4204.075
2024-09-24T05:00:00.000000Z,81719,4203.091,4204.874,4186.635,4191.932,4203.091,4204.874,4186.635,4191.932,4204.107,4205.973,4187.569,4192.996
2024-09-24T09:00:00.000000Z,67427,4192.015,4198.21,4169.89,4178.36,4192.015,4198.21,4169.89,4178.36,4193.012,4199.229,4170.935,4179.272
2024-09-24T13:00:00.000000Z,99839,4178.36,4194.708,4166.16,4192.723,4178.36,4194.708,4166.16,4192.723,4179.288,4195.783,4167.11,4193.605
2024-09-24T17:00:00.000000Z,43058,4192.837,4203.788,4186.234,4190.735,4192.837,4203.788,4186.234,4190.735,4193.732,4204.638,4187.406,4192.263
2024-09-24T21:00:00.000000Z,20499,4193.823,4194.652,4181.212,4187.287,4193.823,4194.652,4181.212,4187.287,4195.114,4195.742,4182.187,4188.438
2024-09-25T01:00:00.000000Z,63735,4187.413,4213.296,4184.793,4198.169,4187.413,4213.296,4184.793,4198.169,4188.533,4214.387,4185.787,4199.083
2024-09-25T05:00:00.000000Z,64804,4198.059,4206.219,4189.824,4202.648,4198.059,4206.219,4189.824,4202.648,4198.894,4207.235,4190.798,4203.429
2024-09-25T09:00:00.000000Z,58379,4202.613,4215.214,4201.04,4212.996,4202.613,4215.214,4201.04,4212.996,4203.429,4216.155,4202.069,4213.94
2024-09-25T13:00:00.000000Z,93967,4212.996,4234.552,4210.993,4232.096,4212.996,4234.552,4210.993,4232.096,4213.873,4235.417,4211.991,4233.313
2024-09-25T17:00:00.000000Z,41223,4231.988,4247.959,4231.988,4242.227,4231.988,4247.959,4231.988,4242.227,4233.169,4248.95,4233.102,4243.669
2024-09-25T21:00:00.000000Z,18593,4244.203,4248.31,4240.593,4245.66,4244.203,4248.31,4240.593,4245.66,4245.617,4249.493,4241.377,4246.779
2024-09-26T01:00:00.000000Z,47670,4245.676,4252.142,4238.886,4246.903,4245.676,4252.142,4238.886,4246.903,4246.711,4253.106,4239.649,4248.005
2024-09-26T05:00:00.000000Z,72511,4246.97,4249.78,4231.607,4248.128,4246.97,4249.78,4231.607,4248.128,4248.057,4250.626,4232.579,4248.895
2024-09-26T09:00:00.000000Z,86094,4248.061,4256.842,4235.067,4240.023,4248.061,4256.842,4235.067,4240.023,4248.895,4257.823,4236.375,4241.062
2024-09-26T13:00:00.000000Z,113736,4240.173,4243.445,4213.193,4221.928,4240.173,4243.445,4213.193,4221.928,4241.062,4244.428,4213.956,4223.017
2024-09-26T17:00:00.000000Z,44489,4221.979,4231.584,4219.821,4222.789,4221.979,4231.584,4219.821,4222.789,4222.871,4232.591,4221.008,4224.262
2024-09-26T21:00:00.000000Z,20127,4222.118,4226.258,4218.234,4224.091,4222.118,4226.258,4218.234,4224.091,4223.482,4227.353,4219.113,4225.009
2024-09-27T01:00:00.000000Z,64589,4224.157,4239.207,4222.034,4235.429,4224.157,4239.207,4222.034,4235.429,4225.175,4240.274,4223.198,4236.512
2024-09-27T05:00:00.000000Z,89828,4235.461,4236.545,4219.972,4220.104,4235.461,4236.545,4219.972,4220.104,4236.445,4237.596,4220.9,4221.083
2024-09-27T09:00:00.000000Z,72672,4220.104,4222.929,4201.095,4201.366,4220.104,4222.929,4201.095,4201.366,4220.952,4224.025,4202.106,4202.458
2024-09-27T13:00:00.000000Z,111348,4201.451,4205.673,4160.945,4178.02,4201.451,4205.673,4160.945,4178.02,4202.411,4206.589,4161.626,4178.898
2024-09-27T17:00:00.000000Z,47312,4178.036,4194.613,4165.494,4191.971,4178.036,4194.613,4165.494,4191.971,4178.898,4196.113,4166.469,4193.505
2024-09-29T21:00:00.000000Z,28217,4192.263,4198.29,4182.8,4182.815,4192.263,4198.29,4182.8,4182.815,4194.086,4199.419,4183.641,4183.877
2024-09-30T01:00:00.000000Z,65645,4182.815,4186.561,4161.437,4168.061,4182.815,4186.561,4161.437,4168.061,4183.846,4187.557,4162.414,4169.152
2024-09-30T05:00:00.000000Z,69677,4168.061,4180.167,4164.873,4173.068,4168.061,4180.167,4164.873,4173.068,4169.087,4181.179,4165.844,4173.83
2024-09-30T09:00:00.000000Z,69695,4173.115,4173.714,4147.27,4153.911,4173.115,4173.714,4147.27,4153.911,4173.896,4174.603,4148.424,4154.899
2024-09-30T13:00:00.000000Z,95708,4153.906,4157.676,4133.792,4140.587,4153.906,4157.676,4133.792,4140.587,4154.883,4158.712,4134.621,4141.608
2024-09-30T17:00:00.000000Z,54569,4140.587,4149.502,4136.593,4148.541,4140.587,4149.502,4136.593,4148.541,4141.655,4150.758,4137.892,4150.015
2024-09-30T21:00:00.000000Z,17909,4149.881,4158.616,4149.241,4156.081,4149.881,4158.616,4149.241,4156.081,4151.042,4159.688,4150.381,4157.203
2024-10-01T01:00:00.000000Z,38962,4156.066,4173.42,4155.68,4168.024,4156.066,4173.42,4155.68,4168.024,4157.14,4174.573,4156.56,4168.921
2024-10-01T05:00:00.000000Z,63596,4167.892,4194.482,4166.873,4191.746,4167.892,4194.482,4166.873,4191.746,4168.921,4195.351,4168.041,4192.873
2024-10-01T09:00:00.000000Z,66262,4191.746,4206.708,4185.034,4202.097,4191.746,4206.708,4185.034,4202.097,4192.952,4207.773,4186.02,4203.273
2024-10-01T13:00:00.000000Z,119975,4202.097,4260.791,4193.641,4247.04,4202.097,4260.791,4193.641,4247.04,4203.288,4261.801,4194.657,4248.094
2024-10-01T17:00:00.000000Z,56301,4247.175,4261.662,4221.602,4239.591,4247.175,4261.662,4221.602,4239.591,4248.078,4262.465,4222.525,4241.4
2024-10-01T21:00:00.000000Z,20039,4238.835,4240.548,4224.861,4225.513,4238.835,4240.548,4224.861,4225.513,4240.48,4241.996,4225.676,4226.442
2024-10-02T01:00:00.000000Z,52987,4225.513,4225.58,4202.94,4213.345,4225.513,4225.58,4202.94,4213.345,4226.474,4226.646,4204.064,4214.458
2024-10-02T05:00:00.000000Z,70594,4213.396,4224.488,4204.755,4219.821,4213.396,4224.488,4204.755,4219.821,4214.525,4225.357,4205.719,4220.904
2024-10-02T09:00:00.000000Z,74868,4219.821,4226.622,4208.578,4220.057,4219.821,4226.622,4208.578,4220.057,4220.837,4227.658,4209.511,4220.955
2024-10-02T13:00:00.000000Z,107173,4220.006,4242.261,4214.549,4227.22,4220.006,4242.261,4214.549,4227.22,4221.019,4243.008,4215.578,4228.182
2024-10-02T17:00:00.000000Z,33328,4227.204,4246.427,4226.148,4244.619,4227.204,4246.427,4226.148,4244.619,4228.019,4247.55,4227.095,4246.399
2024-10-02T21:00:00.000000Z,21163,4245.229,4258.2,4244.706,4255.124,4245.229,4258.2,4244.706,4255.124,4246.336,4259.105,4245.713,4256.048
2024-10-03T01:00:00.000000Z,46940,4255.192,4261.161,4247.235,4255.876,4255.192,4261.161,4247.235,4255.876,4256.116,4262.098,4248.435,4256.977
2024-10-03T05:00:00.000000Z,76371,4255.892,4260.033,4240.065,4250.126,4255.892,4260.033,4240.065,4250.126,4256.977,4261.103,4241.083,4251.18
2024-10-03T09:00:00.000000Z,78166,4250.126,4264.518,4245.865,4247.907,4250.126,4264.518,4245.865,4247.907,4251.1,4265.562,4246.924,4248.946
2024-10-03T13:00:00.000000Z,106378,4247.875,4277.094,4239.962,4276.635,4247.875,4277.094,4239.962,4276.635,4248.946,4277.976,4244.184,4277.578
2024-10-03T17:00:00.000000Z,41024,4276.497,4281.393,4270.581,4274.737,4276.497,4281.393,4270.581,4274.737,4277.658,4282.325,4271.479,4276.326
2024-10-03T21:00:00.000000Z,16633,4272.967,4276.775,4269.416,4275.898,4272.967,4276.775,4269.416,4275.898,4274.899,4277.965,4270.652,4276.906
2024-10-04T01:00:00.000000Z,46893,4275.898,4291.469,4274.568,4289.81,4275.898,4291.469,4274.568,4289.81,4276.773,4292.365,4275.612,4290.722
2024-10-04T05:00:00.000000Z,63032,4289.741,4294.547,4285.821,4286.664,4289.741,4294.547,4285.821,4286.664,4290.653,4295.353,4286.782,4287.637
2024-10-04T09:00:00.000000Z,74334,4286.554,4297.334,4276.233,4287.593,4286.554,4297.334,4276.233,4287.593,4287.616,4298.64,4279.34,4288.662
2024-10-04T13:00:00.000000Z,121675,4287.544,4332.269,4284.204,4296.721,4287.544,4332.269,4284.204,4296.721,4288.731,4333.278,4285.375,4297.881
2024-10-04T17:00:00.000000Z,40693,4296.738,4309.247,4287.553,4307.44,4296.738,4309.247,4287.553,4307.44,4297.741,4310.848,4288.662,4309.644
2024-10-06T21:00:00.000000Z,23747,4303.686,4306.59,4294.908,4299.512,4303.686,4306.59,4294.908,4299.512,4305.212,4307.625,4296.302,4300.509
2024-10-07T01:00:00.000000Z,54981,4299.512,4301.372,4286.567,4294.66,4299.512,4301.372,4286.567,4294.66,4300.606,4302.291,4287.88,4295.764
2024-10-07T05:00:00.000000Z,72565,4294.8,4319.241,4286.355,4317.636,4294.8,4319.241,4286.355,4317.636,4295.764,4320.224,4287.453,4318.429
2024-10-07T09:00:00.000000Z,78767,4317.685,4333.07,4291.547,4295.912,4317.685,4333.07,4291.547,4295.912,4318.429,4334.151,4292.591,4297.04
2024-10-07T13:00:00.000000Z,98633,4295.961,4327.054,4295.773,4320.956,4295.961,4327.054,4295.773,4320.956,4297.024,4328.049,4296.696,4321.821
2024-10-07T17:00:00.000000Z,40160,4320.886,4323.708,4312.824,4313.626,4320.886,4323.708,4312.824,4313.626,4321.739,4324.626,4314.09,4315.478
2024-10-07T21:00:00.000000Z,22597,4312.512,4323.652,4301.212,4303.041,4312.512,4323.652,4301.212,4303.041,4313.789,4325.19,4302.319,4304.044
2024-10-08T01:00:00.000000Z,92702,4303.03,4317.663,4295.096,4314.503,4303.03,4317.663,4295.096,4314.503,4304.044,4318.793,4296.138,4315.574
2024-10-08T05:00:00.000000Z,90719,4314.52,4324.427,4293.221,4307.377,4314.52,4324.427,4293.221,4307.377,4315.574,4325.625,4294.121,4308.372
2024-10-08T09:00:00.000000Z,76604,4307.307,4333.941,4305.133,4321.749,4307.307,4333.941,4305.133,4321.749,4308.372,4334.779,4306.219,4322.75
2024-10-08T13:00:00.000000Z,115897,4321.733,4323.929,4257.585,4261.874,4321.733,4323.929,4257.585,4261.874,4322.842,4325.038,4258.492,4262.851
2024-10-08T17:00:00.000000Z,46676,4261.821,4278.972,4258.753,4271.196,4261.821,4278.972,4258.753,4271.196,4262.851,4280.155,4259.731,4272.172
2024-10-08T21:00:00.000000Z,16974,4271.855,4280.268,4268.215,4271.624,4271.855,4280.268,4268.215,4271.624,4273.114,4281.586,4269.453,4273.489
2024-10-09T01:00:00.000000Z,71885,4271.387,4307.736,4270.982,4299.191,4271.387,4307.736,4270.982,4299.191,4273.35,4308.855,4273.21,4300.346
2024-10-09T05:00:00.000000Z,86364,4299.332,4304.98,4285.345,4301.489,4299.332,4304.98,4285.345,4301.489,4300.346,4306.065,4286.808,4302.557
2024-10-09T09:00:00.000000Z,66138,4301.642,4319.508,4294.312,4317.637,4301.642,4319.508,4294.312,4317.637,4302.557,4320.502,4295.266,4318.587
2024-10-09T13:00:00.000000Z,101806,4317.846,4320.03,4295.728,4303.8,4317.846,4320.03,4295.728,4303.8,4318.658,4321.073,4296.656,4304.832
2024-10-09T17:00:00.000000Z,35181,4303.8,4310.862,4299.509,4299.634,4303.8,4310.862,4299.509,4299.634,4304.799,4311.827,4301.289,4301.289
2024-10-09T21:00:00.000000Z,20348,4300.992,4303.967,4294.394,4300.069,4300.992,4303.967,4294.394,4300.069,4303.025,4305.028,4295.544,4301.127
2024-10-10T01:00:00.000000Z,69042,4300.14,4302.779,4289.273,4291.112,4300.14,4302.779,4289.273,4291.112,4301.236,4303.521,4290.322,4291.94
2024-10-10T05:00:00.000000Z,68206,4291.091,4310.678,4290.264,4304.524,4291.091,4310.678,4290.264,4304.524,4291.956,4311.654,4291.277,4305.511
2024-10-10T09:00:00.000000Z,74993,4304.257,4315.998,4291.095,4312.631,4304.257,4315.998,4291.095,4312.631,4305.44,4317.964,4293.472,4313.923
2024-10-10T13:00:00.000000Z,120955,4312.581,4324.047,4298.176,4313.313,4312.581,4324.047,4298.176,4313.313,4313.852,4324.957,4299.359,4314.262
2024-10-10T17:00:00.000000Z,42294,4313.313,4325.007,4310.405,4315.297,4313.313,4325.007,4310.405,4315.297,4314.333,4325.726,4311.561,4317.156
2024-10-10T21:00:00.000000Z,22457,4313.333,4324.062,4311.655,4319.866,4313.333,4324.062,4311.655,4319.866,4314.466,4324.824,4312.782,4320.868
2024-10-11T01:00:00.000000Z,55988,4319.882,4335.178,4314.089,4334.905,4319.882,4335.178,4314.089,4334.905,4320.868,4336.295,4315.221,4336.006
2024-10-11T05:00:00.000000Z,59038,4334.976,4344.17,4327.099,4327.893,4334.976,4344.17,4327.099,4327.893,4335.929,4345.245,4328.096,4328.999
2024-10-11T09:00:00.000000Z,65147,4327.909,4344.229,4322.696,4339.068,4327.909,4344.229,4322.696,4339.068,4328.999,4347.647,4323.779,4340.022
2024-10-11T13:00:00.000000Z,91457,4339.385,4353.323,4337.483,4350.984,4339.385,4353.323,4337.483,4350.984,4340.411,4354.085,4338.731,4351.899
2024-10-11T17:00:00.000000Z,25891,4351.001,4351.572,4340.741,4348.427,4351.001,4351.572,4340.741,4348.427,4351.948,4352.481,4341.944,4350.234
2024-10-13T21:00:00.000000Z,23694,4346.05,4352.171,4337.237,4341.118,4346.05,4352.171,4337.237,4341.118,4347.678,4353.799,4338.245,4342.242
2024-10-14T01:00:00.000000Z,63922,4341.135,4365.172,4338.294,4364.173,4341.135,4365.172,4338.294,4364.173,4342.226,4366.176,4339.494,4365.292
2024-10-14T05:00:00.000000Z,62370,4364.046,4374.277,4356.164,4367.151,4364.046,4374.277,4356.164,4367.151,4365.292,4375.298,4357.065,4367.843
2024-10-14T09:00:00.000000Z,51602,4367.008,4374.247,4359.817,4364.552,4367.008,4374.247,4359.817,4364.552,4367.843,4375.303,4360.8,4365.503
2024-10-14T13:00:00.000000Z,80179,4364.552,4372.956,4340.165,4349.416,4364.552,4372.956,4340.165,4349.416,4365.536,4373.963,4341.218,4350.47
2024-10-14T17:00:00.000000Z,25435,4349.416,4355.004,4340.911,4344.371,4349.416,4355.004,4340.911,4344.371,4350.541,4355.872,4342.134,4346.267
2024-10-14T21:00:00.000000Z,17577,4345.313,4352.818,4344.925,4347.111,4345.313,4352.818,4344.925,4347.111,4346.979,4353.965,4346.86,4348.187
2024-10-15T01:00:00.000000Z,55793,4347.095,4355.001,4342.471,4346.208,4347.095,4355.001,4342.471,4346.208,4348.187,4356.17,4343.393,4347.35
2024-10-15T05:00:00.000000Z,78988,4346.208,4365.809,4340.677,4357.872,4346.208,4365.809,4340.677,4357.872,4347.317,4366.947,4341.868,4358.87
2024-10-15T09:00:00.000000Z,73548,4357.872,4363.031,4341.751,4342.499,4357.872,4363.031,4341.751,4342.499,4358.854,4364.052,4342.796,4343.48
2024-10-15T13:00:00.000000Z,107890,4342.482,4385.385,4336.605,4376.81,4342.482,4385.385,4336.605,4376.81,4343.48,4386.309,4337.553,4377.899
2024-10-15T17:00:00.000000Z,39457,4376.81,4384.912,4373.579,4375.979,4376.81,4384.912,4373.579,4375.979,4377.905,4385.806,4374.684,4377.314
2024-10-15T21:00:00.000000Z,23555,4394.174,4402.782,4381.394,4397.059,4394.174,4402.782,4381.394,4397.059,4395.427,4404.025,4382.854,4398.174
2024-10-16T01:00:00.000000Z,66353,4397.131,4404.194,4388.902,4398.407,4397.131,4404.194,4388.902,4398.407,4398.157,4405.272,4390.087,4399.399
2024-10-16T05:00:00.000000Z,76220,4398.473,4417.995,4397.724,4414.714,4398.473,4417.995,4397.724,4414.714,4399.36,4419.022,4398.683,4415.74
2024-10-16T09:00:00.000000Z,69484,4414.569,4421.305,4402.523,4419.498,4414.569,4421.305,4402.523,4419.498,4415.756,4422.248,4403.614,4420.629
2024-10-16T13:00:00.000000Z,105285,4419.53,4423.681,4401.02,4412.84,4419.53,4423.681,4401.02,4412.84,4420.629,4424.542,4402.045,4414.021
2024-10-16T17:00:00.000000Z,25585,4412.955,4417.996,4410.723,4414.07,4412.955,4417.996,4410.723,4414.07,4414.087,4418.778,4411.725,4415.701
2024-10-16T21:00:00.000000Z,19261,4414.895,4417.942,4410.725,4414.882,4414.895,4417.942,4410.725,4414.882,4416.556,4418.991,4411.827,4416.04
2024-10-17T01:00:00.000000Z,68413,4414.849,4424.033,4409.826,4420.074,4414.849,4424.033,4409.826,4420.074,4416.023,4425.056,4410.924,4421.101
2024-10-17T05:00:00.000000Z,73495,4420.074,4434.977,4417.33,4430.739,4420.074,4434.977,4417.33,4430.739,4421.134,4436.161,4418.466,4431.833
2024-10-17T09:00:00.000000Z,76402,4430.739,4431.525,4410.121,4420.317,4430.739,4431.525,4410.121,4420.317,4431.759,4432.585,4412.717,4421.343
2024-10-17T13:00:00.000000Z,118528,4420.333,4449.474,4416.55,4441.089,4420.333,4449.474,4416.55,4441.089,4421.416,4450.575,4417.47,4442.14
2024-10-17T17:00:00.000000Z,29945,4441.138,4444.264,4436.719,4443.277,4441.138,4444.264,4436.719,4443.277,4442.149,4445.025,4437.836,4445.025
2024-10-17T21:00:00.000000Z,19678,4444.142,4449.499,4440.58,4444.894,4444.142,4449.499,4440.58,4444.894,4445.555,4450.543,4441.682,4446.038
2024-10-18T01:00:00.000000Z,73875,4444.894,4474.097,4443.904,4472.145,4444.894,4474.097,4443.904,4472.145,4445.988,4475.184,4445.097,4473.166
2024-10-18T05:00:00.000000Z,80169,4472.326,4477.159,4450.39,4458.073,4472.326,4477.159,4450.39,4458.073,4473.125,4478.254,4451.296,4459.182
2024-10-18T09:00:00.000000Z,70369,4458.122,4471.949,4456.755,4460.857,4458.122,4471.949,4456.755,4460.857,4459.199,4472.927,4457.773,4461.639
2024-10-18T13:00:00.000000Z,96920,4460.701,4481.564,4450.143,4474.175,4460.701,4481.564,4450.143,4474.175,4461.589,4482.839,4451.145,4474.949
2024-10-18T17:00:00.000000Z,37281,4474.118,4484.422,4470.403,4481.687,4474.118,4484.422,4470.403,4481.687,4474.876,4485.499,4471.291,4483.471
2024-10-20T21:00:00.000000Z,26814,4481.524,4487.315,4476.821,4480.212,4481.524,4487.315,4476.821,4480.212,4482.865,4488.392,4478.965,4481.462
2024-10-21T01:00:00.000000Z,77132,4480.212,4497.455,4479.063,4496.212,4480.212,4497.455,4479.063,4496.212,4481.265,4498.344,4480.28,4497.209
2024-10-21T05:00:00.000000Z,77977,4496.319,4509.461,4486.758,4507.287,4496.319,4509.461,4486.758,4507.287,4497.225,4510.459,4487.777,4508.325
2024-10-21T09:00:00.000000Z,83147,4507.361,4522.135,4506.543,4518.033,4507.361,4522.135,4506.543,4518.033,4508.4,4523.026,4507.582,4519.089
2024-10-21T13:00:00.000000Z,108301,4518.033,4524.296,4502.322,4513.193,4518.033,4524.296,4502.322,4513.193,4519.073,4525.254,4503.379,4514.168
2024-10-21T17:00:00.000000Z,43656,4513.118,4516.577,4500.143,4509.088,4513.118,4516.577,4500.143,4509.088,4514.185,4517.652,4501.043,4510.495
2024-10-21T21:00:00.000000Z,19139,4507.271,4522.331,4507.089,4521.035,4507.271,4522.331,4507.089,4521.035,4508.876,4523.564,4508.694,4521.819
2024-10-22T01:00:00.000000Z,66110,4521.018,4523.543,4512.094,4514.993,4521.018,4523.543,4512.094,4514.993,4521.878,4524.635,4512.952,4515.966
2024-10-22T05:00:00.000000Z,66637,4515.051,4521.63,4507.102,4520.0,4515.051,4521.63,4507.102,4520.0,4516.115,4522.654,4508.101,4520.916
2024-10-22T09:00:00.000000Z,74248,4519.983,4525.148,4510.039,4519.583,4519.983,4525.148,4510.039,4519.583,4520.916,4526.131,4511.029,4520.532
2024-10-22T13:00:00.000000Z,98452,4519.55,4540.572,4516.604,4539.399,4519.55,4540.572,4516.604,4539.399,4520.607,4541.389,4517.643,4540.307
2024-10-22T17:00:00.000000Z,45545,4539.324,4548.96,4535.581,4547.757,4539.324,4548.96,4535.581,4547.757,4540.324,4549.888,4536.78,4548.941
2024-10-22T21:00:00.000000Z,17308,4545.972,4551.839,4540.38,4549.615,4545.972,4551.839,4540.38,4549.615,4547.459,4553.124,4541.231,4550.699
2024-10-23T01:00:00.000000Z,68148,4549.313,4555.855,4524.413,4554.059,4549.313,4555.855,4524.413,4554.059,4550.582,4556.918,4525.477,4555.177
2024-10-23T05:00:00.000000Z,65505,4553.908,4575.976,4552.554,4573.521,4553.908,4575.976,4552.554,4573.521,4555.101,4577.063,4553.609,4574.498
2024-10-23T09:00:00.000000Z,71331,4573.587,4578.214,4560.001,4563.831,4573.587,4578.214,4560.001,4563.831,4574.581,4579.212,4560.862,4564.927
2024-10-23T13:00:00.000000Z,114603,4563.923,4565.121,4510.469,4531.407,4563.923,4565.121,4510.469,4531.407,4564.927,4566.258,4511.562,4532.46
2024-10-23T17:00:00.000000Z,49806,4531.575,4535.859,4517.764,4521.435,4531.575,4535.859,4517.764,4521.435,4532.611,4536.837,4518.916,4523.08
2024-10-23T21:00:00.000000Z,23089,4525.065,4533.291,4522.676,4526.511,4525.065,4533.291,4522.676,4526.511,4526.143,4534.287,4523.785,4527.455
2024-10-24T01:00:00.000000Z,63574,4526.511,4536.849,4523.976,4531.792,4526.511,4536.849,4523.976,4531.792,4527.547,4538.011,4524.978,4532.903
2024-10-24T05:00:00.000000Z,70604,4531.726,4546.525,4531.094,4540.1,4531.726,4546.525,4531.094,4540.1,4532.903,4547.478,4532.146,4541.076
2024-10-24T09:00:00.000000Z,67900,4540.017,4549.115,4536.121,4546.632,4540.017,4549.115,4536.121,4546.632,4541.026,4550.24,4537.08,4547.467
2024-10-24T13:00:00.000000Z,108356,4546.724,4555.731,4528.583,4548.745,4546.724,4555.731,4528.583,4548.745,4547.45,4556.675,4529.534,4549.638
2024-10-24T17:00:00.000000Z,43366,4548.695,4551.847,4542.553,4547.729,4548.695,4551.847,4542.553,4547.729,4549.529,4552.894,4543.546,4549.038
2024-10-24T21:00:00.000000Z,16656,4548.748,4554.526,4546.518,4550.534,4548.748,4554.526,4546.518,4550.534,4550.211,4555.454,4547.916,4551.444
2024-10-25T01:00:00.000000Z,55267,4550.518,4556.388,4539.662,4548.656,4550.518,4556.388,4539.662,4548.656,4551.487,4557.368,4540.74,4549.703
2024-10-25T05:00:00.000000Z,62574,4548.706,4553.43,4532.63,4533.187,4548.706,4553.43,4532.63,4533.187,4549.87,4554.349,4533.65,4534.089
2024-10-25T09:00:00.000000Z,64810,4533.296,4544.943,4523.428,4543.637,4533.296,4544.943,4523.428,4543.637,4534.089,4546.063,4524.305,4544.706
2024-10-25T13:00:00.000000Z,94101,4543.736,4577.248,4531.991,4576.249,4543.736,4577.248,4531.991,4576.249,4544.839,4578.255,4532.994,4577.146
2024-10-25T17:00:00.000000Z,39769,4576.249,4597.558,4576.249,4595.201,4576.249,4597.558,4576.249,4595.201,4577.163,4598.513,4577.163,4598.021
2024-10-27T21:00:00.000000Z,31340,4574.12,4581.703,4568.617,4574.995,4574.12,4581.703,4568.617,4574.995,4576.294,4582.6,4570.045,4576.05
2024-10-28T01:00:00.000000Z,56633,4574.995,4584.521,4560.023,4581.637,4574.995,4584.521,4560.023,4581.637,4576.204,4585.496,4561.348,4582.635
2024-10-28T05:00:00.000000Z,60593,4581.821,4597.76,4570.666,4571.519,4581.821,4597.76,4570.666,4571.519,4582.837,4598.923,4571.529,4572.593
2024-10-28T09:00:00.000000Z,57930,4571.519,4574.311,4560.157,4564.716,4571.519,4574.311,4560.157,4564.716,4572.653,4575.419,4561.086,4565.536
2024-10-28T13:00:00.000000Z,86632,4564.633,4590.961,4562.041,4587.616,4564.633,4590.961,4562.041,4587.616,4565.495,4592.012,4562.953,4588.453
2024-10-28T17:00:00.000000Z,38105,4587.539,4591.959,4582.879,4585.025,4587.539,4591.959,4582.879,4585.025,4588.437,4593.018,4583.916,4586.367
2024-10-28T21:00:00.000000Z,16343,4584.02,4594.908,4578.963,4593.102,4584.02,4594.908,4578.963,4593.102,4585.672,4595.916,4580.416,4593.906
2024-10-29T01:00:00.000000Z,60861,4593.102,4615.984,4591.325,4612.517,4593.102,4615.984,4591.325,4612.517,4593.983,4616.961,4592.471,4613.687
2024-10-29T05:00:00.000000Z,63247,4612.567,4617.191,4598.809,4606.999,4612.567,4617.191,4598.809,4606.999,4613.704,4618.184,4599.764,4607.854
2024-10-29T09:00:00.000000Z,64186,4606.999,4620.211,4596.263,4612.334,4606.999,4620.211,4596.263,4612.334,4607.793,4621.289,4597.399,4613.267
2024-10-29T13:00:00.000000Z,112409,4612.216,4647.178,4611.127,4647.022,4612.216,4647.178,4611.127,4647.022,4613.105,4648.112,4612.204,4647.878
2024-10-29T17:00:00.000000Z,42624,4647.022,4650.262,4638.407,4644.189,4647.022,4650.262,4638.407,4644.189,4647.956,4651.049,4639.351,4645.518
2024-10-29T21:00:00.000000Z,18828,4644.825,4661.547,4642.899,4652.286,4644.825,4661.547,4642.899,4652.286,4646.159,4663.208,4644.061,4653.158
2024-10-30T01:00:00.000000Z,61752,4652.286,4667.999,4645.308,4666.129,4652.286,4667.999,4645.308,4666.129,4653.236,4668.995,4646.213,4667.092
2024-10-30T05:00:00.000000Z,65880,4666.113,4674.441,4630.887,4637.557,4666.113,4674.441,4630.887,4637.557,4667.092,4675.28,4631.945,4638.449
2024-10-30T09:00:00.000000Z,68009,4636.76,4658.001,4635.343,4656.367,4636.76,4658.001,4635.343,4656.367,4637.382,4658.773,4636.201,4657.39
2024-10-30T13:00:00.000000Z,114065,4656.267,4666.175,4631.775,4655.238,4656.267,4666.175,4631.775,4655.238,4657.374,4667.22,4632.845,4656.316
2024-10-30T17:00:00.000000Z,40853,4655.316,4666.934,4653.96,4665.578,4655.316,4666.934,4653.96,4665.578,4656.299,4668.108,4655.004,4666.98
2024-10-30T21:00:00.000000Z,18024,4666.124,4672.83,4662.307,4672.404,4666.124,4672.83,4662.307,4672.404,4668.778,4673.893,4663.308,4673.328
2024-10-31T01:00:00.000000Z,53694,4672.326,4673.264,4657.207,4660.667,4672.326,4673.264,4657.207,4660.667,4673.439,4674.417,4658.464,4661.824
2024-10-31T05:00:00.000000Z,61596,4660.902,4662.984,4642.496,4650.645,4660.902,4662.984,4642.496,4650.645,4662.136,4664.313,4643.601,4651.622
2024-10-31T09:00:00.000000Z,69777,4650.661,4661.282,4637.926,4639.721,4650.661,4661.282,4637.926,4639.721,4651.639,4662.579,4638.647,4640.643
2024-10-31T13:00:00.000000Z,131819,4639.766,4641.239,4595.929,4599.884,4639.766,4641.239,4595.929,4599.884,4640.61,4642.133,4596.93,4600.784
2024-10-31T17:00:00.000000Z,55857,4599.908,4606.141,4589.384,4590.437,4599.908,4606.141,4589.384,4590.437,4600.918,4607.043,4590.81,4592.181
2024-10-31T21:00:00.000000Z,17337,4590.442,4606.239,4590.135,4598.785,4590.442,4606.239,4590.135,4598.785,4591.935,4607.498,4591.691,4599.871
2024-11-01T01:00:00.000000Z,60684,4598.634,4609.175,4592.745,4600.476,4598.634,4609.175,4592.745,4600.476,4599.797,4610.078,4593.88,4601.34
2024-11-01T05:00:00.000000Z,63999,4600.245,4619.624,4599.74,4610.732,4600.245,4619.624,4599.74,4610.732,4601.263,4620.717,4600.571,4611.587
2024-11-01T09:00:00.000000Z,73629,4610.682,4616.515,4593.102,4595.641,4610.682,4616.515,4593.102,4595.641,4611.692,4617.459,4594.151,4596.682
2024-11-01T13:00:00.000000Z,122565,4595.641,4612.448,4582.295,4588.532,4595.641,4612.448,4582.295,4588.532,4596.605,4613.336,4583.099,4589.717
2024-11-01T17:00:00.000000Z,47955,4588.549,4590.129,4583.39,4588.413,4588.549,4590.129,4583.39,4588.413,4589.7,4591.213,4584.355,4590.313
2024-11-03T22:00:00.000000Z,42829,4568.176,4577.328,4559.621,4568.969,4568.176,4577.328,4559.621,4568.969,4571.298,4578.311,4560.816,4570.16
2024-11-04T02:00:00.000000Z,61505,4569.012,4571.07,4557.521,4565.705,4569.012,4571.07,4557.521,4565.705,4570.16,4572.101,4558.482,4566.786
2024-11-04T06:00:00.000000Z,72185,4565.679,4582.743,4559.557,4579.962,4565.679,4582.743,4559.557,4579.962,4566.819,4583.896,4560.749,4581.195
2024-11-04T10:00:00.000000Z,68331,4580.012,4587.804,4570.416,4585.219,4580.012,4587.804,4570.416,4585.219,4581.112,4588.794,4571.499,4586.303
2024-11-04T14:00:00.000000Z,98019,4585.286,4586.255,4565.355,4578.387,4585.286,4586.255,4565.355,4578.387,4586.276,4587.319,4566.344,4579.477
2024-11-04T18:00:00.000000Z,40437,4579.123,4584.219,4575.698,4580.969,4579.123,4584.219,4575.698,4580.969,4580.021,4585.545,4576.681,4582.288
2024-11-04T22:00:00.000000Z,28700,4580.302,4584.813,4572.795,4574.442,4580.302,4584.813,4572.795,4574.442,4581.597,4585.951,4573.962,4575.626
2024-11-05T02:00:00.000000Z,62133,4574.442,4581.489,4558.416,4566.543,4574.442,4581.489,4558.416,4566.543,4575.55,4582.487,4559.544,4567.54
2024-11-05T06:00:00.000000Z,64326,4566.543,4575.465,4555.352,4567.252,4566.543,4575.465,4555.352,4567.252,4567.616,4576.571,4556.491,4568.358
2024-11-05T10:00:00.000000Z,61482,4567.252,4578.073,4560.21,4575.848,4567.252,4578.073,4560.21,4575.848,4568.434,4579.155,4561.165,4576.98
2024-11-05T14:00:00.000000Z,92806,4575.848,4579.146,4553.994,4569.741,4575.848,4579.146,4553.994,4569.741,4576.93,4580.169,4554.853,4570.932
2024-11-05T18:00:00.000000Z,39424,4569.549,4577.346,4561.604,4566.925,4569.549,4577.346,4561.604,4566.925,4570.597,4578.472,4562.596,4569.078
2024-11-05T22:00:00.000000Z,75004,4567.953,4601.491,4557.938,4599.054,4567.953,4601.491,4557.938,4599.054,4569.638,4602.637,4559.209,4600.216
2024-11-06T02:00:00.000000Z,145035,4598.9,4624.568,4595.68,4612.976,4598.9,4624.568,4595.68,4612.976,4600.317,4625.655,4596.819,4614.106
2024-11-06T06:00:00.000000Z,133456,4612.993,4614.562,4553.281,4564.354,4612.993,4614.562,4553.281,4564.354,4614.089,4615.811,4554.295,4565.495
2024-11-06T10:00:00.000000Z,118075,4564.354,4570.468,4475.628,4484.419,4564.354,4570.468,4475.628,4484.419,4565.572,4571.706,4476.583,4485.172
2024-11-06T14:00:00.000000Z,128301,4484.226,4499.636,4464.707,4482.325,4484.226,4499.636,4464.707,4482.325,4484.995,4500.599,4465.569,4483.498
2024-11-06T18:00:00.000000Z,51789,4484.036,4484.81,4471.32,4476.277,4484.036,4484.81,4471.32,4476.277,4485.142,4486.151,4472.331,4478.204
2024-11-06T22:00:00.000000Z,48923,4479.602,4490.281,4450.997,4452.91,4479.602,4490.281,4450.997,4452.91,4480.773,4491.018,4452.236,4453.872
2024-11-07T02:00:00.000000Z,64165,4452.927,4460.737,4436.079,4441.961,4452.927,4460.737,4436.079,4441.961,4453.922,4461.79,4437.089,4443.069
2024-11-07T06:00:00.000000Z,81170,4441.904,4449.286,4428.52,4441.858,4441.904,4449.286,4428.52,4441.858,4442.978,4450.293,4429.568,4442.883
2024-11-07T10:00:00.000000Z,88345,4441.982,4468.098,4438.439,4460.802,4441.982,4468.098,4438.439,4460.802,4442.9,4468.968,4439.422,4461.645
2024-11-07T14:00:00.000000Z,108191,4460.802,4482.731,4456.874,4479.264,4460.802,4482.731,4456.874,4479.264,4461.661,4483.802,4457.88,4480.379
2024-11-07T18:00:00.000000Z,72030,4478.757,4495.75,4470.484,4490.9,4478.757,4495.75,4470.484,4490.9,4479.731,4496.57,4471.898,4492.554
2024-11-07T22:00:00.000000Z,38777,4488.233,4501.772,4485.603,4488.108,4488.233,4501.772,4485.603,4488.108,4489.606,4502.607,4486.512,4489.324
2024-11-08T02:00:00.000000Z,55648,4488.091,4491.47,4479.609,4485.556,4488.091,4491.47,4479.609,4485.556,4489.29,4492.487,4480.584,4486.498
2024-11-08T06:00:00.000000Z,91610,4485.407,4486.123,4461.92,4475.521,4485.407,4486.123,4461.92,4475.521,4486.465,4487.182,4462.848,4476.579
2024-11-08T10:00:00.000000Z,83104,4475.563,4514.021,4465.488,4511.427,4475.563,4514.021,4465.488,4511.427,4476.662,4514.983,4466.512,4512.523
2024-11-08T14:00:00.000000Z,103359,4511.594,4520.599,4483.074,4509.131,4511.594,4520.599,4483.074,4509.131,4512.657,4521.729,4484.05,4510.002
2024-11-08T18:00:00.000000Z,38412,4507.576,4512.469,4494.244,4495.299,4507.576,4512.469,4494.244,4495.299,4508.548,4513.436,4497.197,4500.299
2024-11-10T22:00:00.000000Z,42076,4499.569,4503.392,4477.997,4479.007,4499.569,4503.392,4477.997,4479.007,4501.714,4504.33,4478.994,4480.094
2024-11-11T02:00:00.000000Z,52093,4478.999,4482.412,4463.612,4469.011,4478.999,4482.412,4463.612,4469.011,4480.178,4483.282,4464.767,4470.173
2024-11-11T06:00:00.000000Z,68373,4468.953,4480.859,4463.434,4466.738,4468.953,4480.859,4463.434,4466.738,4470.19,4482.117,4464.494,4467.517
2024-11-11T10:00:00.000000Z,78539,4466.738,4479.616,4422.03,4424.143,4466.738,4479.616,4422.03,4424.143,4467.592,4480.535,4423.122,4425.319
2024-11-11T14:00:00.000000Z,92953,4424.186,4424.303,4381.696,4384.798,4424.186,4424.303,4381.696,4384.798,4425.278,4425.321,4382.678,4385.87
2024-11-11T18:00:00.000000Z,37051,4385.07,4406.119,4382.419,4391.615,4385.07,4406.119,4382.419,4391.615,4386.227,4407.334,4383.402,4393.023
2024-11-11T22:00:00.000000Z,38691,4395.138,4402.015,4391.755,4398.922,4395.138,4402.015,4391.755,4398.922,4396.637,4403.307,4392.838,4399.868
2024-11-12T02:00:00.000000Z,65822,4398.939,4403.04,4374.477,4378.926,4398.939,4403.04,4374.477,4378.926,4399.868,4403.785,4375.465,4379.969
2024-11-12T06:00:00.000000Z,83049,4379.0,4381.405,4353.657,4360.892,4379.0,4381.405,4353.657,4360.892,4380.043,4382.461,4354.795,4361.738
2024-11-12T10:00:00.000000Z,85189,4360.751,4396.332,4356.829,4390.185,4360.751,4396.332,4356.829,4390.185,4361.777,4397.46,4358.075,4391.111
2024-11-12T14:00:00.000000Z,104158,4390.279,4405.518,4377.697,4393.182,4390.279,4405.518,4377.697,4393.182,4391.245,4406.452,4378.472,4394.377
2024-11-12T18:00:00.000000Z,51488,4391.857,4397.495,4381.636,4383.475,4391.857,4397.495,4381.636,4383.475,4392.762,4398.502,4382.537,4385.126
2024-11-12T22:00:00.000000Z,37382,4386.464,4402.206,4386.063,4397.123,4386.464,4402.206,4386.063,4397.123,4387.675,4403.303,4387.304,4397.886
2024-11-13T02:00:00.000000Z,64003,4396.992,4406.964,4391.12,4395.459,4396.992,4406.964,4391.12,4395.459,4397.754,4408.0,4392.303,4396.511
2024-11-13T06:00:00.000000Z,68247,4395.425,4406.087,4392.552,4396.609,4395.425,4406.087,4392.552,4396.609,4396.511,4407.089,4393.605,4397.65
2024-11-13T10:00:00.000000Z,78107,4396.524,4407.964,4391.035,4399.589,4396.524,4407.964,4391.035,4399.589,4397.634,4412.117,4392.002,4400.731
2024-11-13T14:00:00.000000Z,129761,4399.454,4419.589,4381.393,4391.757,4399.454,4419.589,4381.393,4391.757,4400.664,4420.571,4382.316,4392.82
2024-11-13T18:00:00.000000Z,45236,4392.99,4394.877,4374.716,4374.918,4392.99,4394.877,4374.716,4374.918,4394.331,4396.005,4376.466,4376.515
2024-11-13T22:00:00.000000Z,41397,4375.713,4387.451,4363.016,4364.536,4375.713,4387.451,4363.016,4364.536,4377.418,4388.632,4364.111,4365.632
2024-11-14T02:00:00.000000Z,60921,4364.611,4378.348,4358.878,4365.17,4364.611,4378.348,4358.878,4365.17,4365.581,4379.32,4359.746,4366.22
2024-11-14T06:00:00.000000Z,84078,4365.323,4366.843,4331.061,4341.817,4365.323,4366.843,4331.061,4341.817,4366.322,4367.812,4332.225,4342.963
2024-11-14T10:00:00.000000Z,93423,4341.817,4367.909,4334.561,4361.866,4341.817,4367.909,4334.561,4361.866,4343.038,4368.988,4335.639,4362.865
2024-11-14T14:00:00.000000Z,112662,4361.815,4386.596,4354.363,4377.651,4361.815,4386.596,4354.363,4377.651,4362.848,4387.571,4355.447,4378.718
2024-11-14T18:00:00.000000Z,63985,4377.353,4397.598,4373.251,4383.703,4377.353,4397.598,4373.251,4383.703,4378.311,4398.725,4374.073,4385.337
2024-11-14T22:00:00.000000Z,37673,4387.131,4396.922,4382.402,4384.41,4387.131,4396.922,4382.402,4384.41,4388.599,4397.924,4383.426,4385.554
2024-11-15T02:00:00.000000Z,49927,4384.41,4387.079,4368.728,4369.119,4384.41,4387.079,4368.728,4369.119,4385.537,4387.984,4369.642,4370.262
2024-11-15T06:00:00.000000Z,71183,4369.119,4378.288,4362.54,4367.219,4369.119,4378.288,4362.54,4367.219,4370.142,4379.443,4363.447,4368.383
2024-11-15T10:00:00.000000Z,88704,4367.201,4381.932,4364.664,4374.39,4367.201,4381.932,4364.664,4374.39,4368.349,4382.937,4365.531,4375.208
2024-11-15T14:00:00.000000Z,114818,4374.345,4401.121,4363.404,4368.766,4374.345,4401.121,4363.404,4368.766,4375.197,4402.14,4364.328,4369.897
2024-11-15T18:00:00.000000Z,55508,4365.374,4378.347,4363.665,4366.95,4365.374,4378.347,4363.665,4366.95,4366.418,4379.469,4364.521,4371.252
2024-11-17T22:00:00.000000Z,46110,4376.406,4426.859,4376.406,4409.805,4376.406,4426.859,4376.406,4409.805,4377.827,4428.021,4377.827,4410.983
2024-11-18T02:00:00.000000Z,54012,4409.669,4426.774,4409.515,4411.593,4409.669,4426.774,4409.515,4411.593,4410.863,4427.936,4410.536,4412.618
2024-11-18T06:00:00.000000Z,73636,4411.518,4439.784,4404.8,4437.808,4411.518,4439.784,4404.8,4437.808,4412.543,4440.887,4405.927,4439.03
2024-11-18T10:00:00.000000Z,71394,4437.791,4453.321,4431.11,4450.74,4437.791,4453.321,4431.11,4450.74,4439.089,4454.197,4432.247,4451.537
2024-11-18T14:00:00.000000Z,86289,4450.723,4457.64,4431.612,4433.918,4450.723,4457.64,4431.612,4433.918,4451.503,4458.53,4432.636,4434.843
2024-11-18T18:00:00.000000Z,31268,4433.485,4435.466,4426.801,4431.484,4433.485,4435.466,4426.801,4431.484,4434.56,4436.548,4427.809,4433.332
2024-11-18T22:00:00.000000Z,30232,4432.262,4448.987,4431.983,4439.263,4432.262,4448.987,4431.983,4439.263,4433.834,4450.029,4433.099,4440.279
2024-11-19T02:00:00.000000Z,56136,4439.161,4458.267,4438.617,4453.157,4439.161,4458.267,4438.617,4453.157,4440.321,4459.191,4439.621,4454.115
2024-11-19T06:00:00.000000Z,86154,4453.157,4480.052,4440.763,4473.636,4453.157,4480.052,4440.763,4473.636,4454.191,4481.192,4441.839,4474.807
2024-11-19T10:00:00.000000Z,83388,4473.618,4481.153,4458.84,4469.925,4473.618,4481.153,4458.84,4469.925,4474.637,4482.23,4460.058,4470.95
2024-11-19T14:00:00.000000Z,102791,4469.789,4475.398,4442.66,4451.309,4469.789,4475.398,4442.66,4451.309,4470.797,4476.449,4443.667,4452.332
2024-11-19T18:00:00.000000Z,38947,4454.588,4457.42,4449.01,4450.989,4454.588,4457.42,4449.01,4450.989,4455.662,4458.504,4449.996,4452.616
2024-11-19T22:00:00.000000Z,31087,4449.297,4467.344,4448.675,4462.616,4449.297,4467.344,4448.675,4462.616,4451.243,4468.41,4449.99,4463.513
2024-11-20T02:00:00.000000Z,43254,4462.65,4470.779,4459.385,4466.156,4462.65,4470.779,4459.385,4466.156,4463.53,4471.693,4460.324,4467.29
2024-11-20T06:00:00.000000Z,71881,4466.038,4467.42,4443.527,4454.474,4466.038,4467.42,4443.527,4454.474,4467.07,4468.344,4444.611,4455.567
2024-11-20T10:00:00.000000Z,65402,4454.457,4488.267,4452.51,4483.307,4454.457,4488.267,4452.51,4483.307,4455.533,4489.362,4453.576,4484.223
2024-11-20T14:00:00.000000Z,85610,4483.231,4522.286,4481.116,4515.043,4483.231,4522.286,4481.116,4515.043,4484.223,4523.274,4482.016,4516.089
2024-11-20T18:00:00.000000Z,41141,4512.348,4517.396,4507.473,4509.248,4512.348,4517.396,4507.473,4509.248,4513.393,4518.213,4508.528,4510.677
2024-11-20T22:00:00.000000Z,31023,4507.648,4523.244,4505.946,4512.006,4507.648,4523.244,4505.946,4512.006,4508.829,4524.485,4507.23,4512.95
2024-11-21T02:00:00.000000Z,46262,4511.896,4525.741,4508.916,4525.45,4511.896,4525.741,4508.916,4525.45,4512.796,4526.882,4510.038,4526.411
2024-11-21T06:00:00.000000Z,74387,4525.45,4552.758,4523.797,4551.828,4525.45,4552.758,4523.797,4551.828,4526.428,4553.781,4524.972,4552.868
2024-11-21T10:00:00.000000Z,75984,4551.845,4553.892,4529.132,4534.178,4551.845,4553.892,4529.132,4534.178,4552.902,4554.812,4530.118,4535.276
2024-11-21T14:00:00.000000Z,103267,4534.203,4556.638,4528.408,4555.005,4534.203,4556.638,4528.408,4555.005,4535.318,4557.67,4529.456,4556.163
2024-11-21T18:00:00.000000Z,43528,4552.699,4560.227,4547.778,4555.2,4552.699,4560.227,4547.778,4555.2,4553.78,4561.246,4548.689,4556.806
2024-11-21T22:00:00.000000Z,34787,4555.649,4580.718,4553.958,4579.671,4555.649,4580.718,4553.958,4579.671,4556.905,4581.518,4555.015,4580.617
2024-11-22T02:00:00.000000Z,63825,4579.749,4611.772,4579.249,4607.778,4579.749,4611.772,4579.249,4607.778,4580.549,4612.929,4580.166,4608.867
2024-11-22T06:00:00.000000Z,96710,4607.795,4638.433,4606.062,4634.123,4607.795,4638.433,4606.062,4634.123,4608.822,4639.635,4607.085,4635.179
2024-11-22T10:00:00.000000Z,94949,4634.095,4644.7,4602.667,4609.33,4634.095,4644.7,4602.667,4609.33,4635.179,4645.814,4603.679,4610.315
2024-11-22T14:00:00.000000Z,101117,4609.227,4648.548,4600.875,4641.412,4609.227,4648.548,4600.875,4641.412,4610.359,4649.537,4601.788,4642.617
2024-11-22T18:00:00.000000Z,45727,4643.001,4653.346,4638.783,4653.0,4643.001,4653.346,4638.783,4653.0,4644.057,4658.346,4639.49,4655.282
2024-11-24T22:00:00.000000Z,52717,4621.849,4640.386,4594.683,4607.659,4621.849,4640.386,4594.683,4607.659,4624.142,4641.599,4595.836,4608.875
2024-11-25T02:00:00.000000Z,74151,4607.581,4612.297,4538.079,4552.567,4607.581,4612.297,4538.079,4552.567,4608.858,4613.253,4539.202,4553.736
2024-11-25T06:00:00.000000Z,84081,4552.652,4577.457,4545.765,4569.796,4552.652,4577.457,4545.765,4569.796,4553.804,4578.499,4546.958,4570.803
2024-11-25T10:00:00.000000Z,69241,4569.779,4597.869,4558.886,4565.601,4569.779,4597.869,4558.886,4565.601,4570.803,4598.967,4559.867,4566.399
2024-11-25T14:00:00.000000Z,100519,4565.584,4566.256,4491.203,4498.778,4565.584,4566.256,4491.203,4498.778,4566.399,4567.159,4492.131,4499.869
2024-11-25T18:00:00.000000Z,41570,4494.784,4495.178,4474.972,4490.825,4494.784,4495.178,4474.972,4490.825,4495.909,4496.157,4475.993,4492.487
2024-11-25T22:00:00.000000Z,61533,4493.332,4523.898,4472.315,4516.606,4493.332,4523.898,4472.315,4516.606,4494.79,4525.036,4473.765,4517.975
2024-11-26T02:00:00.000000Z,59067,4516.623,4518.319,4479.605,4492.769,4516.623,4518.319,4479.605,4492.769,4517.82,4519.499,4480.523,4493.843
2024-11-26T06:00:00.000000Z,75219,4492.684,4497.683,4470.439,4493.995,4492.684,4497.683,4470.439,4493.995,4493.843,4498.765,4471.453,4494.991
2024-11-26T10:00:00.000000Z,79359,4494.106,4511.246,4484.217,4499.361,4494.106,4511.246,4484.217,4499.361,4495.068,4512.063,4485.279,4500.579
2024-11-26T14:00:00.000000Z,86444,4499.275,4518.118,4486.44,4510.792,4499.275,4518.118,4486.44,4510.792,4500.408,4518.962,4487.54,4511.791
2024-11-26T18:00:00.000000Z,44103,4504.212,4517.945,4501.343,4512.043,4504.212,4517.945,4501.343,4512.043,4505.081,4519.004,4502.316,4513.744
2024-11-26T22:00:00.000000Z,32137,4508.288,4513.763,4472.223,4478.656,4508.288,4513.763,4472.223,4478.656,4509.662,4514.754,4473.596,4479.972
2024-11-27T02:00:00.000000Z,51642,4478.698,4512.026,4478.178,4504.281,4478.698,4512.026,4478.178,4504.281,4479.946,4513.064,4479.188,4505.523
2024-11-27T06:00:00.000000Z,69762,4504.434,4510.655,4485.691,4495.078,4504.434,4510.655,4485.691,4495.078,4505.523,4511.778,4486.657,4496.138
2024-11-27T10:00:00.000000Z,69366,4495.061,4511.241,4489.325,4498.06,4495.061,4511.241,4489.325,4498.06,4496.002,4512.304,4490.691,4499.095
2024-11-27T14:00:00.000000Z,93736,4497.95,4499.11,4465.68,4467.846,4497.95,4499.11,4465.68,4467.846,4499.018,4500.018,4466.773,4469.174
2024-11-27T18:00:00.000000Z,36462,4468.266,4476.525,4464.96,4470.679,4468.266,4476.525,4464.96,4470.679,4469.349,4477.72,4465.933,4472.423
2024-11-27T22:00:00.000000Z,35830,4472.176,4476.16,4442.603,4454.037,4472.176,4476.16,4442.603,4454.037,4473.413,4477.144,4443.728,4454.878
2024-11-28T02:00:00.000000Z,46279,4454.037,4470.389,4453.613,4468.437,4454.037,4470.389,4453.613,4468.437,4454.844,4471.38,4454.459,4469.556
2024-11-28T06:00:00.000000Z,56916,4468.378,4495.314,4467.825,4492.343,4468.378,4495.314,4467.825,4492.343,4469.573,4496.256,4469.053,4493.675
2024-11-28T10:00:00.000000Z,48870,4492.683,4498.548,4490.208,4494.948,4492.683,4498.548,4490.208,4494.948,4493.947,4499.677,4491.115,4495.975
2024-11-28T14:00:00.000000Z,37831,4494.923,4496.485,4479.504,4482.253,4494.923,4496.485,4479.504,4482.253,4496.026,4497.495,4480.556,4483.55
2024-11-28T18:00:00.000000Z,3278,4479.948,4483.635,4476.667,4477.007,4479.948,4483.635,4476.667,4477.007,4481.237,4484.627,4478.26,4478.278
2024-11-28T22:00:00.000000Z,42065,4481.651,4482.662,4464.354,4479.614,4481.651,4482.662,4464.354,4479.614,4482.931,4483.726,4465.505,4480.842
2024-11-29T02:00:00.000000Z,64565,4479.766,4512.423,4479.427,4503.95,4479.766,4512.423,4479.427,4503.95,4480.918,4513.661,4480.646,4505.077
2024-11-29T06:00:00.000000Z,66838,4503.95,4512.253,4486.436,4504.404,4503.95,4512.253,4486.436,4504.404,4505.093,4513.347,4487.4,4505.488
2024-11-29T10:00:00.000000Z,66732,4504.421,4508.045,4491.878,4492.089,4504.421,4508.045,4491.878,4492.089,4505.488,4508.969,4492.953,4493.071
2024-11-29T14:00:00.000000Z,87226,4492.174,4505.136,4475.499,4491.868,4492.174,4505.136,4475.499,4491.868,4493.122,4506.305,4476.64,4492.985
2024-11-29T18:00:00.000000Z,16959,4487.79,4491.884,4468.062,4471.916,4487.79,4491.884,4468.062,4471.916,4488.881,4492.959,4469.372,4472.898
2024-12-01T22:00:00.000000Z,49291,4483.208,4486.348,4447.549,4466.926,4483.208,4486.348,4447.549,4466.926,4484.394,4487.586,4448.817,4468.153
2024-12-02T02:00:00.000000Z,67158,4466.909,4470.713,4447.518,4448.87,4466.909,4470.713,4447.518,4448.87,4468.069,4471.729,4448.644,4450.005
2024-12-02T06:00:00.000000Z,76654,4448.87,4465.455,4443.24,4459.828,4448.87,4465.455,4443.24,4459.828,4449.93,4466.445,4444.348,4460.878
2024-12-02T10:00:00.000000Z,79368,4459.828,4506.04,4458.44,4500.562,4459.828,4506.04,4458.44,4500.562,4460.953,4506.898,4459.388,4501.606
2024-12-02T14:00:00.000000Z,95902,4500.587,4513.187,4488.249,4490.658,4500.587,4513.187,4488.249,4490.658,4501.411,4514.106,4489.4,4491.627
2024-12-02T18:00:00.000000Z,40113,4487.213,4488.27,4478.123,4481.243,4487.213,4488.27,4478.123,4481.243,4488.402,4489.559,4478.953,4482.337
2024-12-02T22:00:00.000000Z,36181,4482.291,4499.746,4482.291,4488.534,4482.291,4499.746,4482.291,4488.534,4483.852,4500.842,4483.588,4489.893
2024-12-03T02:00:00.000000Z,49035,4488.534,4496.617,4488.108,4493.085,4488.534,4496.617,4488.108,4493.085,4489.911,4497.825,4489.476,4494.249
2024-12-03T06:00:00.000000Z,70185,4493.238,4509.907,4472.88,4483.862,4493.238,4509.907,4472.88,4483.862,4494.325,4511.132,4473.93,4485.142
2024-12-03T10:00:00.000000Z,65383,4483.862,4503.471,4482.218,4503.115,4483.862,4503.471,4482.218,4503.115,4485.066,4504.517,4483.177,4504.142
2024-12-03T14:00:00.000000Z,89392,4503.166,4507.372,4484.989,4495.458,4503.166,4507.372,4484.989,4495.458,4504.21,4508.56,4485.973,4496.476
2024-12-03T18:00:00.000000Z,29550,4495.858,4498.282,4487.301,4494.917,4495.858,4498.282,4487.301,4494.917,4496.723,4499.429,4488.192,4496.19
2024-12-03T22:00:00.000000Z,30376,4493.275,4506.644,4490.437,4504.827,4493.275,4506.644,4490.437,4504.827,4494.753,4507.716,4491.431,4505.933
2024-12-04T02:00:00.000000Z,54346,4504.486,4534.154,4504.339,4522.739,4504.486,4534.154,4504.339,4522.739,4505.617,4535.102,4505.361,4523.777
2024-12-04T06:00:00.000000Z,63499,4522.661,4526.57,4507.205,4519.771,4522.661,4526.57,4507.205,4519.771,4523.794,4527.755,4508.227,4520.828
2024-12-04T10:00:00.000000Z,69217,4519.856,4538.779,4514.951,4537.284,4519.856,4538.779,4514.951,4537.284,4520.828,4539.915,4515.726,4538.274
2024-12-04T14:00:00.000000Z,88381,4537.25,4543.745,4515.834,4519.232,4537.25,4543.745,4515.834,4519.232,4538.274,4544.788,4516.745,4520.492
2024-12-04T18:00:00.000000Z,37537,4516.907,4530.318,4515.569,4528.965,4516.907,4530.318,4515.569,4528.965,4518.167,4531.692,4516.461,4530.213
2024-12-04T22:00:00.000000Z,27307,4527.02,4529.648,4512.029,4513.533,4527.02,4529.648,4512.029,4513.533,4528.222,4530.604,4513.229,4514.759
2024-12-05T02:00:00.000000Z,42139,4513.533,4523.452,4507.277,4517.31,4513.533,4523.452,4507.277,4517.31,4514.742,4524.652,4508.4,4518.117
2024-12-05T06:00:00.000000Z,49501,4517.31,4520.056,4497.135,4509.456,4517.31,4520.056,4497.135,4509.456,4518.194,4520.983,4498.146,4510.673
2024-12-05T10:00:00.000000Z,61912,4509.456,4530.177,4508.978,4515.147,4509.456,4530.177,4508.978,4515.147,4510.69,4531.285,4510.187,4516.193
2024-12-05T14:00:00.000000Z,85671,4515.275,4515.549,4470.184,4475.793,4515.275,4515.549,4470.184,4475.793,4516.27,4516.484,4471.05,4477.067
2024-12-05T18:00:00.000000Z,31482,4475.777,4480.833,4464.175,4471.034,4475.777,4480.833,4464.175,4471.034,4476.898,4482.159,4465.311,4472.171
2024-12-05T22:00:00.000000Z,33154,4469.55,4478.992,4442.172,4462.974,4469.55,4478.992,4442.172,4462.974,4470.769,4480.121,4443.136,4464.138
2024-12-06T02:00:00.000000Z,49012,4462.898,4512.204,4461.569,4501.281,4462.898,4512.204,4461.569,4501.281,4464.103,4513.285,4462.668,4502.379
2024-12-06T06:00:00.000000Z,50704,4501.247,4521.729,4499.191,4512.289,4501.247,4521.729,4499.191,4512.289,4502.379,4522.863,4500.331,4513.439
2024-12-06T10:00:00.000000Z,67514,4512.366,4516.514,4487.841,4489.967,4512.366,4516.514,4487.841,4489.967,4513.362,4517.537,4488.886,4491.029
2024-12-06T14:00:00.000000Z,95313,4490.077,4530.57,4480.383,4522.179,4490.077,4530.57,4480.383,4522.179,4491.029,4531.733,4481.531,4523.22
2024-12-06T18:00:00.000000Z,28425,4520.824,4526.929,4510.023,4515.549,4520.824,4526.929,4510.023,4515.549,4521.797,4527.945,4511.225,4519.336
2024-12-08T22:00:00.000000Z,38127,4529.879,4542.672,4506.124,4537.405,4529.879,4542.672,4506.124,4537.405,4531.153,4543.785,4507.362,4538.334
2024-12-09T02:00:00.000000Z,48631,4537.258,4546.036,4529.167,4541.588,4537.258,4546.036,4529.167,4541.588,4538.334,4547.148,4530.322,4542.744
2024-12-09T06:00:00.000000Z,61218,4541.588,4552.263,4516.608,4531.349,4541.588,4552.263,4516.608,4531.349,4542.7,4553.447,4517.655,4532.345
2024-12-09T10:00:00.000000Z,61523,4531.383,4535.927,4522.929,4533.432,4531.383,4535.927,4522.929,4533.432,4532.345,4537.103,4524.019,4534.394
2024-12-09T14:00:00.000000Z,82162,4533.849,4556.518,4530.326,4534.977,4533.849,4556.518,4530.326,4534.977,4534.751,4557.489,4531.254,4535.785
2024-12-09T18:00:00.000000Z,33211,4532.959,4537.544,4528.502,4535.242,4532.959,4537.544,4528.502,4535.242,4533.912,4538.386,4529.437,4537.112
2024-12-09T22:00:00.000000Z,29387,4537.708,4563.631,4536.677,4561.752,4537.708,4563.631,4536.677,4561.752,4538.908,4564.777,4537.638,4562.939
2024-12-10T02:00:00.000000Z,59645,4561.752,4584.469,4557.824,4573.683,4561.752,4584.469,4557.824,4573.683,4562.991,4585.53,4558.864,4574.882
2024-12-10T06:00:00.000000Z,56562,4573.631,4582.927,4568.581,4577.708,4573.631,4582.927,4568.581,4577.708,4574.865,4583.927,4569.664,4578.978
2024-12-10T10:00:00.000000Z,65089,4577.804,4609.607,4574.425,4607.287,4577.804,4609.607,4574.425,4607.287,4578.916,4610.566,4575.485,4608.332
2024-12-10T14:00:00.000000Z,73863,4607.552,4651.269,4604.201,4648.724,4607.552,4651.269,4604.201,4648.724,4608.39,4652.277,4605.397,4649.812
2024-12-10T18:00:00.000000Z,28263,4648.914,4649.692,4637.583,4644.261,4648.914,4649.692,4637.583,4644.261,4649.796,4650.602,4638.567,4645.881
2024-12-10T22:00:00.000000Z,30966,4643.664,4660.95,4641.152,4654.468,4643.664,4660.95,4641.152,4654.468,4644.894,4662.188,4642.554,4655.579
2024-12-11T02:00:00.000000Z,51382,4654.353,4661.047,4618.494,4638.737,4654.353,4661.047,4618.494,4638.737,4655.545,4662.198,4620.94,4640.746
2024-12-11T06:00:00.000000Z,68591,4638.817,4671.274,4637.727,4670.621,4638.817,4671.274,4637.727,4670.621,4640.832,4672.879,4640.431,4672.036
2024-12-11T10:00:00.000000Z,69310,4670.753,4680.952,4652.108,4662.215,4670.753,4680.952,4652.108,4662.215,4672.105,4682.241,4653.148,4663.206
2024-12-11T14:00:00.000000Z,95882,4662.296,4700.142,4659.644,4700.026,4662.296,4700.142,4659.644,4700.026,4663.206,4701.055,4660.734,4701.025
2024-12-11T18:00:00.000000Z,48634,4695.905,4699.862,4691.653,4697.017,4695.905,4699.862,4691.653,4697.017,4696.962,4701.898,4692.762,4700.664
2024-12-11T22:00:00.000000Z,30498,4695.514,4703.521,4622.569,4668.551,4695.514,4703.521,4622.569,4668.551,4697.211,4704.856,4627.569,4670.012
2024-12-12T02:00:00.000000Z,39113,4668.39,4676.077,4658.518,4672.185,4668.39,4676.077,4658.518,4672.185,4670.012,4677.982,4659.738,4674.427
2024-12-12T06:00:00.000000Z,52266,4672.236,4684.664,4666.243,4672.721,4672.236,4684.664,4666.243,4672.721,4674.461,4685.558,4668.078,4674.056
2024-12-12T10:00:00.000000Z,70486,4672.63,4683.938,4652.444,4652.628,4672.63,4683.938,4652.444,4652.628,4674.085,4685.236,4653.297,4653.722
2024-12-12T14:00:00.000000Z,101682,4652.628,4655.693,4627.881,4643.937,4652.628,4655.693,4627.881,4643.937,4653.642,4656.701,4629.14,4645.395
2024-12-12T18:00:00.000000Z,37929,4645.641,4655.084,4641.766,4646.735,4645.641,4655.084,4641.766,4646.735,4646.92,4655.835,4642.86,4647.918
2024-12-12T22:00:00.000000Z,31089,4651.267,4673.047,4643.105,4666.346,4651.267,4673.047,4643.105,4666.346,4652.722,4674.284,4644.327,4667.38
2024-12-13T02:00:00.000000Z,44510,4666.346,4670.651,4656.695,4662.207,4666.346,4670.651,4656.695,4662.207,4667.299,4672.021,4657.827,4663.657
2024-12-13T06:00:00.000000Z,62051,4662.207,4668.909,4626.632,4630.515,4662.207,4668.909,4626.632,4630.515,4663.692,4670.129,4627.825,4631.544
2024-12-13T10:00:00.000000Z,67986,4630.487,4633.541,4602.901,4608.761,4630.487,4633.541,4602.901,4608.761,4631.44,4634.898,4604.126,4609.872
2024-12-13T14:00:00.000000Z,76491,4608.865,4626.466,4606.748,4613.393,4608.865,4626.466,4606.748,4613.393,4609.959,4627.458,4607.838,4614.454
2024-12-13T18:00:00.000000Z,38155,4611.809,4614.382,4591.466,4593.241,4611.809,4614.382,4591.466,4593.241,4612.911,4615.662,4595.609,4598.241
2024-12-15T22:00:00.000000Z,28191,4594.911,4599.807,4581.891,4595.328,4594.911,4599.807,4581.891,4595.328,4596.442,4601.122,4583.098,4596.425
2024-12-16T02:00:00.000000Z,40852,4596.051,4599.866,4582.948,4588.991,4596.051,4599.866,4582.948,4588.991,4597.034,4600.786,4584.023,4590.083
2024-12-16T06:00:00.000000Z,48384,4589.071,4602.743,4587.829,4601.437,4589.071,4602.743,4587.829,4601.437,4590.083,4603.924,4588.901,4602.645
2024-12-16T10:00:00.000000Z,48356,4601.517,4620.66,4601.465,4610.234,4601.517,4620.66,4601.465,4610.234,4602.645,4621.86,4602.61,4611.071
2024-12-16T14:00:00.000000Z,71357,4610.667,4613.569,4583.818,4587.821,4610.667,4613.569,4583.818,4587.821,4611.417,4614.53,4584.858,4589.096
2024-12-16T18:00:00.000000Z,28174,4587.458,4595.412,4586.018,4586.861,4587.458,4595.412,4586.018,4586.861,4588.747,4596.572,4587.169,4588.879
2024-12-16T22:00:00.000000Z,23575,4586.9,4600.284,4577.388,4599.294,4586.9,4600.284,4577.388,4599.294,4587.968,4601.561,4578.654,4600.502
2024-12-17T02:00:00.000000Z,41505,4598.862,4603.776,4590.169,4603.637,4598.862,4603.776,4590.169,4603.637,4600.076,4604.898,4591.2,4604.697
2024-12-17T06:00:00.000000Z,57831,4603.741,4606.927,4579.859,4583.175,4603.741,4606.927,4579.859,4583.175,4604.812,4607.911,4581.042,4584.869
2024-12-17T10:00:00.000000Z,59862,4583.175,4595.973,4570.916,4573.785,4583.175,4595.973,4570.916,4573.785,4584.79,4596.928,4571.8,4575.051
2024-12-17T14:00:00.000000Z,73872,4573.82,4594.172,4566.258,4593.225,4573.82,4594.172,4566.258,4593.225,4575.051,4595.294,4567.524,4594.549
2024-12-17T18:00:00.000000Z,28918,4593.124,4601.052,4593.059,4598.695,4593.124,4601.052,4593.059,4598.695,4594.156,4601.959,4594.156,4600.332
2024-12-17T22:00:00.000000Z,22473,4598.757,4612.875,4593.523,4610.598,4598.757,4612.875,4593.523,4610.598,4600.183,4614.045,4595.072,4612.036
2024-12-18T02:00:00.000000Z,43012,4610.598,4615.98,4603.258,4612.009,4610.598,4615.98,4603.258,4612.009,4612.07,4617.13,4604.34,4613.113
2024-12-18T06:00:00.000000Z,50390,4612.089,4625.727,4601.798,4623.316,4612.089,4625.727,4601.798,4623.316,4613.113,4626.721,4602.912,4624.555
2024-12-18T10:00:00.000000Z,46792,4623.089,4625.676,4605.516,4610.022,4623.089,4625.676,4605.516,4610.022,4624.636,4626.878,4606.757,4611.364
2024-12-18T14:00:00.000000Z,70331,4609.942,4614.319,4595.828,4609.049,4609.942,4614.319,4595.828,4609.049,4611.364,4615.338,4596.688,4610.183
2024-12-18T18:00:00.000000Z,89651,4610.132,4620.409,4571.795,4598.4,4610.132,4620.409,4571.795,4598.4,4610.923,4621.81,4573.252,4600.308
2024-12-18T22:00:00.000000Z,41512,4595.958,4653.948,4595.152,4643.551,4595.958,4653.948,4595.152,4643.551,4597.757,4655.337,4596.795,4644.892
2024-12-19T02:00:00.000000Z,43699,4643.386,4648.71,4631.783,4634.836,4643.386,4648.71,4631.783,4634.836,4644.727,4650.047,4632.687,4636.194
2024-12-19T06:00:00.000000Z,60408,4634.836,4649.732,4626.645,4630.868,4634.836,4649.732,4626.645,4630.868,4636.359,4650.824,4627.86,4631.934
2024-12-19T10:00:00.000000Z,72332,4630.815,4639.569,4590.599,4592.527,4630.815,4639.569,4590.599,4592.527,4631.917,4640.529,4591.746,4593.586
2024-12-19T14:00:00.000000Z,94348,4592.429,4596.79,4574.908,4594.463,4592.429,4596.79,4574.908,4594.463,4593.65,4597.842,4575.842,4595.381
2024-12-19T18:00:00.000000Z,41795,4599.631,4613.719,4596.323,4606.66,4599.631,4613.719,4596.323,4606.66,4600.525,4614.751,4597.264,4608.98
2024-12-19T22:00:00.000000Z,30407,4609.119,4628.275,4607.348,4624.591,4609.119,4628.275,4607.348,4624.591,4610.409,4629.367,4608.314,4625.888
2024-12-20T02:00:00.000000Z,40908,4624.756,4625.193,4609.81,4622.593,4624.756,4625.193,4609.81,4622.593,4625.888,4626.326,4611.177,4623.784
2024-12-20T06:00:00.000000Z,54300,4622.593,4629.558,4614.812,4621.728,4622.593,4629.558,4614.812,4621.728,4623.867,4630.975,4615.985,4622.743
2024-12-20T10:00:00.000000Z,57674,4621.646,4635.002,4609.682,4627.274,4621.646,4635.002,4609.682,4627.274,4622.743,4635.996,4612.487,4628.075
2024-12-20T14:00:00.000000Z,93724,4627.274,4661.751,4625.376,4636.729,4627.274,4661.751,4625.376,4636.729,4628.157,4662.695,4626.255,4637.419
2024-12-20T18:00:00.000000Z,54386,4633.99,4642.157,4631.344,4637.476,4633.99,4642.157,4631.344,4637.476,4635.085,4644.098,4632.507,4642.476
2024-12-22T22:00:00.000000Z,24183,4637.806,4648.657,4632.683,4633.87,4637.806,4648.657,4632.683,4633.87,4639.904,4649.925,4633.878,4635.023
2024-12-23T02:00:00.000000Z,28693,4633.788,4647.341,4633.316,4641.306,4633.788,4647.341,4633.316,4641.306,4634.888,4648.289,4634.588,4642.236
2024-12-23T06:00:00.000000Z,39053,4641.288,4659.467,4639.376,4641.765,4641.288,4659.467,4639.376,4641.765,4642.165,4660.717,4640.419,4643.078
2024-12-23T10:00:00.000000Z,48805,4641.748,4647.449,4628.215,4643.917,4641.748,4647.449,4628.215,4643.917,4643.078,4648.877,4629.567,4644.849
2024-12-23T14:00:00.000000Z,66803,4643.787,4646.021,4622.175,4623.883,4643.787,4646.021,4622.175,4623.883,4644.685,4646.988,4623.114,4624.959
2024-12-23T18:00:00.000000Z,31384,4624.063,4626.854,4616.87,4624.974,4624.063,4626.854,4616.87,4624.974,4625.194,4628.182,4617.603,4627.026
2024-12-23T22:00:00.000000Z,17100,4629.738,4640.765,4626.419,4638.868,4629.738,4640.765,4626.419,4638.868,4631.645,4641.838,4627.539,4639.734
2024-12-24T02:00:00.000000Z,28773,4638.797,4644.322,4634.288,4637.877,4638.797,4644.322,4634.288,4637.877,4639.823,4645.537,4635.873,4639.186
2024-12-24T06:00:00.000000Z,32389,4637.877,4640.219,4630.569,4634.091,4637.877,4640.219,4630.569,4634.091,4639.292,4641.261,4631.612,4635.153
2024-12-24T10:00:00.000000Z,35569,4634.02,4640.732,4625.723,4629.045,4634.02,4640.732,4625.723,4629.045,4634.975,4642.277,4627.007,4630.177
2024-12-24T14:00:00.000000Z,51562,4629.11,4643.364,4623.316,4640.879,4629.11,4643.364,4623.316,4640.879,4630.23,4644.922,4624.423,4642.23
2024-12-24T18:00:00.000000Z,4736,4639.958,4642.037,4637.787,4640.939,4639.958,4642.037,4637.787,4640.939,4641.409,4643.975,4639.072,4643.152
2024-12-25T22:00:00.000000Z,27321,4636.455,4649.862,4629.49,4646.396,4636.455,4649.862,4629.49,4646.396,4641.455,4651.761,4631.641,4648.092
2024-12-26T02:00:00.000000Z,26957,4646.343,4651.67,4639.574,4650.467,4646.343,4651.67,4639.574,4650.467,4648.092,4653.02,4640.968,4651.829
2024-12-26T06:00:00.000000Z,27191,4650.414,4663.754,4647.32,4661.46,4650.414,4663.754,4647.32,4661.46,4651.829,4665.237,4648.865,4662.777
2024-12-26T10:00:00.000000Z,35694,4661.377,4669.611,4653.453,4657.384,4661.377,4669.611,4653.453,4657.384,4662.777,4670.858,4654.769,4658.973
2024-12-26T14:00:00.000000Z,60207,4657.467,4693.69,4657.023,4672.75,4657.467,4693.69,4657.023,4672.75,4658.973,4694.938,4658.589,4673.849
2024-12-26T18:00:00.000000Z,33703,4673.792,4687.999,4672.749,4681.623,4673.792,4687.999,4672.749,4681.623,4675.288,4689.45,4673.985,4684.083
2024-12-26T22:00:00.000000Z,18725,4680.18,4685.114,4676.686,4681.898,4680.18,4685.114,4676.686,4681.898,4685.18,4686.749,4677.844,4683.159
2024-12-27T02:00:00.000000Z,27056,4681.815,4692.156,4676.488,4682.683,4681.815,4692.156,4676.488,4682.683,4683.248,4693.257,4677.719,4683.825
2024-12-27T06:00:00.000000Z,35725,4682.683,4689.167,4661.738,4662.667,4682.683,4689.167,4661.738,4662.667,4683.908,4690.369,4662.872,4663.872
2024-12-27T10:00:00.000000Z,42075,4662.649,4670.0,4642.981,4643.17,4662.649,4670.0,4642.981,4643.17,4663.718,4671.55,4643.943,4644.125
2024-12-27T14:00:00.000000Z,64214,4643.117,4653.05,4636.048,4648.555,4643.117,4653.05,4636.048,4648.555,4644.107,4654.113,4637.341,4650.014
2024-12-27T18:00:00.000000Z,28425,4648.191,4653.68,4637.224,4651.518,4648.191,4653.68,4637.224,4651.518,4649.791,4658.364,4638.469,4656.518
2024-12-29T22:00:00.000000Z,12722,4645.911,4657.544,4643.191,4650.507,4645.911,4657.544,4643.191,4650.507,4647.209,4658.648,4644.909,4651.586
2024-12-30T02:00:00.000000Z,23200,4650.507,4650.507,4633.444,4638.504,4650.507,4650.507,4633.444,4638.504,4651.757,4651.757,4634.703,4640.0
2024-12-30T06:00:00.000000Z,36105,4638.54,4639.69,4616.168,4620.608,4638.54,4639.69,4616.168,4620.608,4640.0,4641.263,4617.603,4621.946
2024-12-30T10:00:00.000000Z,50846,4620.608,4640.624,4610.764,4620.713,4620.608,4640.624,4610.764,4620.713,4622.01,4641.99,4612.152,4621.763
2024-12-30T14:00:00.000000Z,74001,4620.678,4629.356,4606.426,4616.432,4620.678,4629.356,4606.426,4616.432,4621.756,4630.328,4607.711,4617.905
2024-12-30T18:00:00.000000Z,29679,4615.212,4625.696,4611.35,4620.012,4615.212,4625.696,4611.35,4620.012,4616.567,4627.098,4612.214,4621.922
2024-12-30T22:00:00.000000Z,15342,4623.303,4627.083,4618.566,4623.63,4623.303,4627.083,4618.566,4623.63,4624.621,4628.811,4620.116,4624.925
2024-12-31T02:00:00.000000Z,23868,4623.63,4631.714,4622.724,4625.957,4623.63,4631.714,4622.724,4625.957,4624.784,4633.078,4623.899,4627.478
2024-12-31T06:00:00.000000Z,37133,4626.121,4651.3,4625.875,4645.284,4626.121,4651.3,4625.875,4645.284,4627.561,4652.477,4626.872,4646.807
2024-12-31T10:00:00.000000Z,39021,4645.479,4663.55,4642.083,4657.51,4645.479,4663.55,4642.083,4657.51,4646.914,4664.907,4643.011,4659.157
2024-12-31T14:00:00.000000Z,64069,4657.427,4698.022,4655.232,4692.18,4657.427,4698.022,4655.232,4692.18,4658.99,4699.32,4656.338,4693.601
2024-12-31T18:00:00.000000Z,25143,4693.125,4695.914,4684.778,4690.411,4693.125,4695.914,4684.778,4690.411,4694.355,4696.964,4686.22,4692.399
2025-01-01T22:00:00.000000Z,22224,4687.238,4697.38,4682.234,4688.278,4687.238,4697.38,4682.234,4688.278,4689.844,4698.696,4683.635,4689.861
2025-01-02T02:00:00.000000Z,28052,4688.367,4696.078,4682.798,4691.007,4688.367,4696.078,4682.798,4691.007,4689.915,4697.119,4684.202,4692.007
2025-01-02T06:00:00.000000Z,43934,4690.923,4701.658,4688.173,4691.106,4690.923,4701.658,4688.173,4691.106,4692.007,4702.793,4689.465,4692.278
2025-01-02T10:00:00.000000Z,61693,4691.023,4717.439,4686.149,4709.441,4691.023,4717.439,4686.149,4709.441,4692.195,4718.799,4687.148,4710.609
2025-01-02T14:00:00.000000Z,86003,4709.316,4754.207,4707.642,4747.486,4709.316,4754.207,4707.642,4747.486,4710.604,4755.29,4708.61,4748.484
2025-01-02T18:00:00.000000Z,34530,4749.997,4755.495,4744.95,4749.689,4749.997,4755.495,4744.95,4749.689,4751.187,4756.346,4745.895,4751.437
2025-01-02T22:00:00.000000Z,19335,4751.231,4756.701,4742.438,4748.421,4751.231,4756.701,4742.438,4748.421,4752.636,4757.914,4743.595,4749.557
2025-01-03T02:00:00.000000Z,31501,4748.314,4755.709,4735.529,4741.378,4748.314,4755.709,4735.529,4741.378,4749.521,4756.876,4736.65,4742.53
2025-01-03T06:00:00.000000Z,42229,4741.462,4744.822,4732.023,4737.169,4741.462,4744.822,4732.023,4737.169,4742.615,4746.11,4733.3,4738.171
2025-01-03T10:00:00.000000Z,40258,4737.254,4746.828,4716.208,4726.96,4737.254,4746.828,4716.208,4726.96,4738.171,4748.235,4717.543,4728.214
2025-01-03T14:00:00.000000Z,69464,4726.96,4730.325,4704.449,4711.55,4726.96,4730.325,4704.449,4711.55,4728.179,4731.147,4705.599,4712.706
2025-01-03T18:00:00.000000Z,32046,4712.03,4713.815,4698.1,4701.166,4712.03,4713.815,4698.1,4701.166,4713.284,4714.851,4699.501,4706.166
2025-01-05T22:00:00.000000Z,25077,4704.252,4707.021,4691.42,4700.485,4704.252,4707.021,4691.42,4700.485,4705.652,4708.052,4692.88,4701.307
2025-01-06T02:00:00.000000Z,36962,4700.272,4706.704,4676.131,4682.905,4700.272,4706.704,4676.131,4682.905,4701.165,4708.204,4677.314,4683.987
2025-01-06T06:00:00.000000Z,44092,4682.923,4685.11,4661.411,4670.941,4682.923,4685.11,4661.411,4670.941,4683.987,4686.139,4662.502,4671.986
2025-01-06T10:00:00.000000Z,77426,4670.775,4681.035,4617.89,4623.896,4670.775,4681.035,4617.89,4623.896,4671.986,4682.309,4618.888,4625.282
2025-01-06T14:00:00.000000Z,92589,4624.02,4682.131,4619.809,4674.276,4624.02,4682.131,4619.809,4674.276,4625.37,4683.295,4621.008,4675.321
2025-01-06T18:00:00.000000Z,31855,4675.342,4678.658,4668.142,4670.923,4675.342,4678.658,4668.142,4670.923,4676.382,4679.78,4669.317,4672.695
2025-01-06T22:00:00.000000Z,22145,4672.267,4678.447,4666.233,4672.909,4672.267,4678.447,4666.233,4672.909,4673.986,4679.504,4667.384,4673.989
2025-01-07T02:00:00.000000Z,30034,4672.969,4673.906,4657.421,4665.846,4672.969,4673.906,4657.421,4665.846,4674.072,4674.862,4658.516,4666.764
2025-01-07T06:00:00.000000Z,46822,4665.857,4669.858,4640.132,4644.709,4665.857,4669.858,4640.132,4644.709,4666.764,4670.924,4641.326,4646.101
2025-01-07T10:00:00.000000Z,54887,4644.709,4696.846,4644.603,4694.418,4644.709,4696.846,4644.603,4694.418,4646.182,4697.813,4645.918,4695.461
2025-01-07T14:00:00.000000Z,93398,4694.594,4704.402,4681.824,4697.871,4694.594,4704.402,4681.824,4697.871,4695.496,4705.764,4682.965,4699.242
2025-01-07T18:00:00.000000Z,42401,4693.815,4704.365,4692.191,4700.158,4693.815,4704.365,4692.191,4700.158,4695.244,4705.632,4693.077,4702.085
2025-01-07T22:00:00.000000Z,22429,4699.259,4708.874,4697.54,4702.017,4699.259,4708.874,4697.54,4702.017,4701.97,4709.975,4698.841,4703.396
2025-01-08T02:00:00.000000Z,29251,4702.184,4704.591,4696.271,4699.314,4702.184,4704.591,4696.271,4699.314,4703.378,4705.608,4697.471,4700.651
2025-01-08T06:00:00.000000Z,45005,4699.314,4723.075,4696.27,4721.497,4699.314,4723.075,4696.27,4721.497,4700.567,4724.279,4697.374,4722.866
2025-01-08T10:00:00.000000Z,68992,4721.329,4751.176,4721.024,4749.577,4721.329,4751.176,4721.024,4749.577,4722.866,4752.326,4722.596,4750.579
2025-01-08T14:00:00.000000Z,82506,4749.747,4765.973,4729.256,4738.909,4749.747,4765.973,4729.256,4738.909,4750.579,4767.029,4730.498,4740.2
2025-01-08T18:00:00.000000Z,42789,4738.03,4750.175,4732.202,4744.287,4738.03,4750.175,4732.202,4744.287,4739.329,4751.065,4733.274,4746.157
2025-01-08T22:00:00.000000Z,20488,4747.83,4754.282,4743.855,4748.827,4747.83,4754.282,4743.855,4748.827,4749.437,4755.95,4745.504,4750.164
2025-01-09T02:00:00.000000Z,30593,4748.827,4752.813,4740.126,4747.148,4748.827,4752.813,4740.126,4747.148,4750.11,4754.009,4741.592,4748.302
2025-01-09T06:00:00.000000Z,51921,4747.077,4775.314,4746.89,4767.217,4747.077,4775.314,4746.89,4767.217,4748.284,4776.328,4748.132,4768.838
2025-01-09T10:00:00.000000Z,54388,4767.302,4783.567,4765.246,4775.864,4767.302,4783.567,4765.246,4775.864,4768.838,4784.62,4766.46,4776.741
2025-01-09T14:00:00.000000Z,52556,4775.685,4783.435,4757.835,4762.636,4775.685,4783.435,4757.835,4762.636,4776.787,4784.26,4758.641,4763.88
2025-01-09T18:00:00.000000Z,27044,4763.686,4773.375,4763.211,4767.984,4763.686,4773.375,4763.211,4767.984,4764.948,4774.767,4764.441,4770.078
2025-01-09T22:00:00.000000Z,21960,4767.462,4775.829,4765.173,4768.569,4767.462,4775.829,4765.173,4768.569,4768.635,4777.025,4766.528,4769.621
2025-01-10T02:00:00.000000Z,28330,4768.569,4787.208,4768.109,4786.525,4768.569,4787.208,4768.109,4786.525,4769.603,4788.326,4769.295,4787.564
2025-01-10T06:00:00.000000Z,48257,4786.61,4808.792,4782.936,4801.958,4786.61,4808.792,4782.936,4801.958,4787.735,4810.152,4784.097,4803.055
2025-01-10T10:00:00.000000Z,70314,4802.334,4830.8,4787.641,4827.531,4802.334,4830.8,4787.641,4827.531,4803.393,4831.928,4788.552,4829.14
2025-01-10T14:00:00.000000Z,127568,4827.387,4854.98,4819.149,4845.554,4827.387,4854.98,4819.149,4845.554,4829.014,4856.492,4820.827,4846.825
2025-01-10T18:00:00.000000Z,53013,4845.642,4847.279,4828.797,4839.025,4845.642,4847.279,4828.797,4839.025,4847.035,4848.231,4830.265,4844.025
2025-01-12T22:00:00.000000Z,33578,4839.891,4844.071,4810.594,4824.335,4839.891,4844.071,4810.594,4824.335,4841.547,4846.412,4811.679,4825.385
2025-01-13T02:00:00.000000Z,45785,4824.424,4840.501,4821.995,4837.42,4824.424,4840.501,4821.995,4837.42,4825.457,4841.774,4823.03,4838.727
2025-01-13T06:00:00.000000Z,67546,4837.51,4847.927,4825.388,4842.502,4837.51,4847.927,4825.388,4842.502,4838.958,4849.074,4826.577,4843.345
2025-01-13T10:00:00.000000Z,80733,4842.159,4842.159,4789.641,4803.557,4842.159,4842.159,4789.641,4803.557,4843.168,4843.427,4790.391,4804.592
2025-01-13T14:00:00.000000Z,82722,4803.467,4814.271,4784.893,4785.98,4803.467,4814.271,4784.893,4785.98,4804.556,4815.43,4785.985,4787.245
2025-01-13T18:00:00.000000Z,35567,4787.855,4791.969,4768.142,4768.228,4787.855,4791.969,4768.142,4768.228,4788.969,4793.112,4770.092,4770.649
2025-01-13T22:00:00.000000Z,28848,4762.372,4773.472,4747.788,4760.375,4762.372,4773.472,4747.788,4760.375,4764.018,4774.368,4749.176,4761.653
2025-01-14T02:00:00.000000Z,38433,4760.357,4770.291,4756.795,4760.756,4760.357,4770.291,4756.795,4760.756,4761.653,4771.503,4757.707,4762.061
2025-01-14T06:00:00.000000Z,52948,4760.688,4761.76,4742.799,4753.253,4760.688,4761.76,4742.799,4753.253,4762.19,4763.186,4744.109,4754.513
2025-01-14T10:00:00.000000Z,62384,4753.338,4777.172,4747.84,4762.137,4753.338,4777.172,4747.84,4762.137,4754.718,4778.35,4748.935,4763.421
2025-01-14T14:00:00.000000Z,86294,4762.101,4778.042,4750.872,4774.306,4762.101,4778.042,4750.872,4774.306,4763.314,4779.212,4751.753,4775.394
2025-01-14T18:00:00.000000Z,36320,4770.502,4780.064,4767.808,4776.269,4770.502,4780.064,4767.808,4776.269,4771.505,4780.88,4768.829,4778.724
2025-01-14T22:00:00.000000Z,15311,4775.636,4779.993,4763.983,4764.689,4775.636,4779.993,4763.983,4764.689,4777.162,4781.041,4765.24,4765.79
2025-01-15T02:00:00.000000Z,29994,4764.604,4786.164,4763.623,4786.107,4764.604,4786.164,4763.623,4786.107,4765.79,4787.552,4764.947,4787.427
2025-01-15T06:00:00.000000Z,45830,4786.021,4790.818,4769.007,4779.9,4786.021,4790.818,4769.007,4779.9,4787.427,4791.838,4770.351,4780.941
2025-01-15T10:00:00.000000Z,69402,4779.815,4795.397,4761.9,4770.042,4779.815,4795.397,4761.9,4770.042,4780.941,4796.292,4763.454,4771.475
2025-01-15T14:00:00.000000Z,100766,4770.028,4798.886,4748.355,4797.375,4770.028,4798.886,4748.355,4797.375,4771.391,4799.881,4749.38,4798.448
2025-01-15T18:00:00.000000Z,35580,4797.001,4801.851,4793.931,4800.592,4797.001,4801.851,4793.931,4800.592,4798.163,4803.35,4795.21,4802.374
2025-01-15T22:00:00.000000Z,32048,4796.131,4803.048,4784.648,4796.927,4796.131,4803.048,4784.648,4796.927,4801.131,4804.357,4786.112,4798.291
2025-01-16T02:00:00.000000Z,39163,4796.841,4812.528,4795.543,4811.38,4796.841,4812.528,4795.543,4811.38,4798.291,4813.62,4796.925,4812.44
2025-01-16T06:00:00.000000Z,58327,4811.308,4828.946,4800.93,4827.474,4811.308,4828.946,4800.93,4827.474,4812.44,4829.972,4802.122,4828.527
2025-01-16T10:00:00.000000Z,67147,4827.491,4861.14,4826.265,4855.527,4827.491,4861.14,4826.265,4855.527,4828.616,4861.774,4827.562,4856.654
2025-01-16T14:00:00.000000Z,97298,4855.389,4862.7,4831.789,4848.338,4855.389,4862.7,4831.789,4848.338,4856.478,4863.713,4833.162,4849.406
2025-01-16T18:00:00.000000Z,38249,4849.916,4851.309,4837.191,4840.222,4849.916,4851.309,4837.191,4840.222,4851.02,4852.466,4838.507,4843.206
2025-01-16T22:00:00.000000Z,23304,4840.857,4844.206,4828.094,4838.059,4840.857,4844.206,4828.094,4838.059,4842.598,4846.001,4829.308,4839.504
2025-01-17T02:00:00.000000Z,36251,4837.767,4857.397,4835.515,4847.706,4837.767,4857.397,4835.515,4847.706,4839.635,4858.486,4836.966,4849.027
2025-01-17T06:00:00.000000Z,50361,4847.724,4856.727,4830.835,4831.993,4847.724,4856.727,4830.835,4831.993,4849.009,4857.927,4831.824,4833.277
2025-01-17T10:00:00.000000Z,61677,4831.717,4860.778,4826.767,4851.651,4831.717,4860.778,4826.767,4851.651,4833.104,4861.994,4828.045,4852.821
2025-01-17T14:00:00.000000Z,80751,4851.507,4863.494,4830.962,4850.961,4851.507,4863.494,4830.962,4850.961,4852.821,4864.878,4831.795,4851.96
2025-01-17T18:00:00.000000Z,42667,4850.961,4853.217,4832.528,4839.055,4850.961,4853.217,4832.528,4839.055,4852.014,4854.258,4833.321,4844.055
2025-01-19T22:00:00.000000Z,30677,4835.995,4840.397,4805.27,4808.446,4835.995,4840.397,4805.27,4808.446,4840.995,4842.97,4806.82,4809.788
2025-01-20T02:00:00.000000Z,39721,4808.481,4828.989,4807.767,4828.989,4808.481,4828.989,4807.767,4828.989,4809.788,4830.489,4809.251,4830.402
2025-01-20T06:00:00.000000Z,52109,4829.025,4838.634,4806.902,4831.191,4829.025,4838.634,4806.902,4831.191,4830.402,4840.095,4808.433,4832.209
2025-01-20T10:00:00.000000Z,68019,4831.066,4840.105,4778.554,4779.245,4831.066,4840.105,4778.554,4779.245,4832.155,4841.573,4780.181,4780.592
2025-01-20T14:00:00.000000Z,82098,4779.253,4805.213,4766.773,4786.928,4779.253,4805.213,4766.773,4786.928,4781.14,4806.453,4767.98,4788.854
2025-01-20T18:00:00.000000Z,9811,4786.467,4791.645,4781.351,4782.627,4786.467,4791.645,4781.351,4782.627,4787.921,4793.772,4783.612,4786.055
2025-01-20T22:00:00.000000Z,57460,4770.952,4820.948,4763.797,4818.998,4770.952,4820.948,4763.797,4818.998,4774.312,4822.065,4765.293,4820.172
2025-01-21T02:00:00.000000Z,59751,4819.048,4833.024,4804.293,4832.371,4819.048,4833.024,4804.293,4832.371,4820.154,4834.355,4805.827,4833.702
2025-01-21T06:00:00.000000Z,71454,4832.229,4842.855,4823.378,4831.674,4832.229,4842.855,4823.378,4831.674,4833.684,4844.411,4824.922,4832.69
2025-01-21T10:00:00.000000Z,74979,4831.725,4850.025,4828.711,4834.372,4831.725,4850.025,4828.711,4834.372,4832.69,4851.059,4829.863,4835.422
2025-01-21T14:00:00.000000Z,90523,4834.372,4853.571,4831.322,4836.071,4834.372,4853.571,4831.322,4836.071,4835.387,4854.655,4832.239,4837.167
2025-01-21T18:00:00.000000Z,32679,4837.104,4843.093,4830.615,4831.824,4837.104,4843.093,4830.615,4831.824,4838.364,4844.331,4832.377,4834.47
2025-01-21T22:00:00.000000Z,38058,4841.277,4859.2,4837.694,4859.147,4841.277,4859.2,4837.694,4859.147,4842.932,4860.398,4839.564,4860.215
2025-01-22T02:00:00.000000Z,50139,4859.129,4872.62,4856.845,4871.254,4859.129,4872.62,4856.845,4871.254,4860.265,4873.933,4858.037,4872.602
2025-01-22T06:00:00.000000Z,72485,4871.254,4871.757,4854.873,4855.545,4871.254,4871.757,4854.873,4855.545,4872.708,4873.385,4855.946,4856.734
2025-01-22T10:00:00.000000Z,64857,4855.545,4863.52,4846.637,4859.793,4855.545,4863.52,4846.637,4859.793,4856.751,4864.872,4847.788,4860.822
2025-01-22T14:00:00.000000Z,83309,4859.965,4873.879,4850.72,4863.954,4859.965,4873.879,4850.72,4863.954,4860.89,4874.878,4851.572,4865.228
2025-01-22T18:00:00.000000Z,31063,4862.432,4866.892,4857.319,4864.2,4862.432,4866.892,4857.319,4864.2,4863.691,4868.048,4858.576,4866.31
2025-01-22T22:00:00.000000Z,28527,4866.729,4868.769,4854.372,4858.182,4866.729,4868.769,4854.372,4858.182,4868.574,4870.649,4855.706,4859.228
2025-01-23T02:00:00.000000Z,44853,4858.182,4862.045,4851.495,4857.864,4858.182,4862.045,4851.495,4857.864,4859.314,4863.2,4852.627,4858.946
2025-01-23T06:00:00.000000Z,58752,4857.914,4872.913,4844.505,4852.745,4857.914,4872.913,4844.505,4852.745,4858.946,4873.935,4845.448,4853.711
2025-01-23T10:00:00.000000Z,81500,4852.497,4867.99,4828.612,4840.0,4852.497,4867.99,4828.612,4840.0,4853.658,4869.132,4829.562,4840.817
2025-01-23T14:00:00.000000Z,93112,4840.103,4859.734,4834.694,4851.484,4840.103,4859.734,4834.694,4851.484,4841.026,4860.955,4835.542,4852.83
2025-01-23T18:00:00.000000Z,42821,4850.103,4858.438,4845.855,4853.152,4850.103,4858.438,4845.855,4853.152,4851.241,4859.748,4846.962,4855.074
2025-01-23T22:00:00.000000Z,27889,4850.694,4867.607,4850.609,4865.615,4850.694,4867.607,4850.609,4865.615,4852.047,4868.652,4851.398,4866.805
2025-01-24T02:00:00.000000Z,74109,4865.562,4873.243,4854.504,4859.607,4865.562,4873.243,4854.504,4859.607,4866.805,4874.639,4855.932,4860.88
2025-01-24T06:00:00.000000Z,64961,4859.607,4864.219,4844.461,4852.922,4859.607,4864.219,4844.461,4852.922,4860.93,4865.66,4845.768,4854.245
2025-01-24T10:00:00.000000Z,59683,4852.905,4882.898,4851.417,4880.061,4852.905,4882.898,4851.417,4880.061,4854.33,4884.255,4852.835,4881.143
2025-01-24T14:00:00.000000Z,90998,4880.219,4884.63,4843.939,4851.22,4880.219,4884.63,4843.939,4851.22,4880.915,4885.659,4844.843,4852.105
2025-01-24T18:00:00.000000Z,38356,4851.22,4858.929,4848.753,4850.143,4851.22,4858.929,4848.753,4850.143,4852.21,4860.019,4849.938,4855.143
2025-01-26T22:00:00.000000Z,33246,4855.162,4869.192,4851.962,4863.825,4855.162,4869.192,4851.962,4863.825,4856.114,4870.586,4855.938,4865.119
2025-01-27T02:00:00.000000Z,54820,4863.91,4865.286,4839.168,4839.991,4863.91,4865.286,4839.168,4839.991,4865.119,4866.347,4840.247,4841.073
2025-01-27T06:00:00.000000Z,78340,4839.675,4857.616,4834.009,4854.82,4839.675,4857.616,4834.009,4854.82,4840.862,4859.037,4835.517,4856.06
2025-01-27T10:00:00.000000Z,84067,4854.82,4863.998,4832.132,4842.438,4854.82,4863.998,4832.132,4842.438,4855.907,4865.358,4833.455,4843.467
2025-01-27T14:00:00.000000Z,88465,4842.385,4842.9,4807.903,4811.353,4842.385,4842.9,4807.903,4811.353,4843.394,4844.052,4808.941,4812.713
2025-01-27T18:00:00.000000Z,39636,4813.679,4821.81,4809.795,4813.128,4813.679,4821.81,4809.795,4813.128,4814.866,4823.086,4811.028,4815.172
2025-01-27T22:00:00.000000Z,36699,4819.744,4845.882,4818.979,4844.417,4819.744,4845.882,4818.979,4844.417,4821.85,4847.576,4820.637,4845.814
2025-01-28T02:00:00.000000Z,44908,4844.275,4850.209,4832.956,4843.781,4844.275,4850.209,4832.956,4843.781,4845.708,4851.341,4834.178,4844.762
2025-01-28T06:00:00.000000Z,49301,4843.657,4848.481,4832.417,4845.996,4843.657,4848.481,4832.417,4845.996,4844.426,4849.802,4833.769,4847.305
2025-01-28T10:00:00.000000Z,49994,4845.911,4866.142,4843.556,4864.815,4845.911,4866.142,4843.556,4864.815,4847.305,4867.489,4844.691,4866.308
2025-01-28T14:00:00.000000Z,73083,4864.764,4875.221,4860.186,4871.313,4864.764,4875.221,4860.186,4871.313,4866.344,4876.641,4861.324,4872.484
2025-01-28T18:00:00.000000Z,34071,4871.68,4881.602,4867.692,4875.49,4871.68,4881.602,4867.692,4875.49,4872.767,4882.739,4868.431,4878.044
2025-01-28T22:00:00.000000Z,20605,4876.609,4888.656,4873.37,4884.565,4876.609,4888.656,4873.37,4884.565,4878.671,4889.974,4874.819,4886.003
2025-01-29T02:00:00.000000Z,33991,4884.479,4886.724,4872.234,4872.234,4884.479,4886.724,4872.234,4872.234,4885.897,4887.829,4873.528,4873.614
2025-01-29T06:00:00.000000Z,51510,4872.258,4893.8,4868.587,4892.031,4872.258,4893.8,4868.587,4892.031,4873.725,4894.891,4869.815,4893.522
2025-01-29T10:00:00.000000Z,65947,4892.098,4895.432,4880.004,4893.32,4892.098,4895.432,4880.004,4893.32,4893.362,4896.783,4881.125,4894.39
2025-01-29T14:00:00.000000Z,82115,4893.32,4894.873,4861.535,4868.862,4893.32,4894.873,4861.535,4868.862,4894.477,4895.969,4862.661,4870.175
2025-01-29T18:00:00.000000Z,60557,4861.307,4877.336,4859.536,4876.306,4861.307,4877.336,4859.536,4876.306,4862.497,4879.23,4862.497,4879.02
2025-01-29T22:00:00.000000Z,19825,4872.046,4878.193,4868.75,4875.603,4872.046,4878.193,4868.75,4875.603,4874.33,4879.369,4870.293,4876.881
2025-01-30T02:00:00.000000Z,32746,4875.55,4889.809,4872.988,4888.886,4875.55,4889.809,4872.988,4888.886,4876.896,4891.158,4874.437,4890.096
2025-01-30T06:00:00.000000Z,51100,4888.886,4915.202,4888.697,4909.688,4888.886,4915.202,4888.697,4909.688,4890.182,4916.234,4889.997,4910.986
2025-01-30T10:00:00.000000Z,63891,4909.775,4928.706,4909.395,4923.557,4909.775,4928.706,4909.395,4923.557,4910.986,4929.939,4910.589,4924.838
2025-01-30T14:00:00.000000Z,110656,4923.644,4949.797,4917.452,4946.047,4923.644,4949.797,4917.452,4946.047,4924.785,4950.975,4918.541,4947.188
2025-01-30T18:00:00.000000Z,56514,4946.289,4969.646,4934.142,4958.177,4946.289,4969.646,4934.142,4958.177,4947.606,4970.988,4935.139,4960.577
2025-01-30T22:00:00.000000Z,26286,4958.798,4970.431,4957.92,4961.746,4958.798,4970.431,4957.92,4961.746,4962.018,4971.825,4959.39,4962.873
2025-01-31T02:00:00.000000Z,40284,4961.57,4965.925,4949.255,4951.485,4961.57,4965.925,4949.255,4951.485,4962.785,4967.228,4950.485,4953.071
2025-01-31T06:00:00.000000Z,56699,4951.31,4952.433,4939.475,4942.361,4951.31,4952.433,4939.475,4942.361,4953.071,4953.771,4940.963,4943.661
2025-01-31T10:00:00.000000Z,62381,4942.202,4973.57,4939.449,4969.296,4942.202,4973.57,4939.449,4969.296,4943.732,4975.244,4940.397,4970.634
2025-01-31T14:00:00.000000Z,98657,4969.492,4991.922,4934.685,4948.152,4969.492,4991.922,4934.685,4948.152,4970.74,4993.173,4935.893,4948.797
2025-01-31T18:00:00.000000Z,85456,4948.274,4971.79,4937.844,4962.463,4948.274,4971.79,4937.844,4962.463,4948.885,4973.5,4938.512,4967.463
2025-02-02T22:00:00.000000Z,66259,5017.468,5038.16,4997.279,5020.799,5017.468,5038.16,4997.279,5020.799,5020.216,5039.823,5001.662,5022.245
2025-02-03T02:00:00.000000Z,80750,5020.889,5029.549,5005.759,5022.297,5020.889,5029.549,5005.759,5022.297,5022.245,5031.16,5007.203,5023.181
2025-02-03T06:00:00.000000Z,81480,5022.17,5034.358,5012.27,5029.073,5022.17,5034.358,5012.27,5029.073,5023.181,5035.82,5013.352,5030.371
2025-02-03T10:00:00.000000Z,70853,5029.109,5049.718,5019.292,5043.031,5029.109,5049.718,5019.292,5043.031,5030.299,5050.819,5020.607,5044.04
2025-02-03T14:00:00.000000Z,122265,5043.031,5087.558,5024.195,5040.087,5043.031,5087.558,5024.195,5040.087,5044.13,5091.914,5025.903,5041.724
2025-02-03T18:00:00.000000Z,60337,5043.735,5047.405,4987.063,5000.111,5043.735,5047.405,4987.063,5000.111,5045.065,5048.646,4988.173,5002.768
2025-02-03T22:00:00.000000Z,29474,4993.223,5029.974,4986.283,5025.638,4993.223,5029.974,4986.283,5025.638,4996.41,5031.136,4989.413,5026.573
2025-02-04T02:00:00.000000Z,63564,5025.513,5044.489,5014.424,5036.12,5025.513,5044.489,5014.424,5036.12,5026.573,5045.714,5016.035,5037.342
2025-02-04T06:00:00.000000Z,74480,5036.066,5036.211,5007.622,5029.645,5036.066,5036.211,5007.622,5029.645,5037.324,5037.49,5008.932,5030.777
2025-02-04T10:00:00.000000Z,70327,5029.591,5059.897,5012.781,5041.781,5029.591,5059.897,5012.781,5041.781,5030.58,5060.942,5013.984,5043.126
2025-02-04T14:00:00.000000Z,99446,5041.746,5054.471,5016.644,5035.95,5041.746,5054.471,5016.644,5035.95,5043.144,5055.603,5017.434,5037.309
2025-02-04T18:00:00.000000Z,39789,5036.083,5038.37,5026.021,5027.939,5036.083,5038.37,5026.021,5027.939,5037.247,5039.482,5027.287,5030.059
2025-02-04T22:00:00.000000Z,36836,5026.49,5036.884,5021.305,5035.893,5026.49,5036.884,5021.305,5035.893,5028.84,5038.224,5023.017,5037.391
2025-02-05T02:00:00.000000Z,44124,5036.141,5055.688,5034.497,5054.562,5036.141,5055.688,5034.497,5054.562,5037.692,5057.449,5036.031,5056.236
2025-02-05T06:00:00.000000Z,55727,5054.526,5055.445,5037.325,5050.861,5054.526,5055.445,5037.325,5050.861,5056.236,5056.636,5038.291,5052.304
2025-02-05T10:00:00.000000Z,69323,5050.896,5055.255,5031.332,5038.366,5050.896,5055.255,5031.332,5038.366,5052.161,5056.497,5032.774,5039.509
2025-02-05T14:00:00.000000Z,98813,5038.383,5057.213,5027.007,5046.216,5038.383,5057.213,5027.007,5046.216,5039.491,5058.443,5028.447,5047.234
2025-02-05T18:00:00.000000Z,46876,5046.51,5047.081,5028.164,5039.787,5046.51,5047.081,5028.164,5039.787,5047.829,5048.408,5029.293,5041.637
2025-02-05T22:00:00.000000Z,27205,5041.02,5048.525,5034.179,5048.493,5041.02,5048.525,5034.179,5048.493,5043.307,5050.162,5035.638,5050.04
2025-02-06T02:00:00.000000Z,43123,5048.405,5064.007,5046.853,5062.472,5048.405,5064.007,5046.853,5062.472,5050.04,5065.098,5048.225,5063.403
2025-02-06T06:00:00.000000Z,60285,5062.382,5067.866,5035.284,5054.593,5062.382,5067.866,5035.284,5054.593,5063.493,5068.781,5036.996,5055.544
2025-02-06T10:00:00.000000Z,68189,5055.017,5070.428,5047.065,5049.07,5055.017,5070.428,5047.065,5049.07,5055.915,5071.307,5048.173,5050.535
2025-02-06T14:00:00.000000Z,86657,5049.07,5054.393,5006.822,5025.623,5049.07,5054.393,5006.822,5025.623,5050.553,5055.448,5008.018,5026.608
2025-02-06T18:00:00.000000Z,39272,5023.006,5036.211,5019.696,5031.313,5023.006,5036.211,5019.696,5031.313,5024.058,5037.213,5020.59,5033.392
2025-02-06T22:00:00.000000Z,26008,5034.078,5044.492,5031.286,5041.569,5034.078,5044.492,5031.286,5041.569,5035.858,5045.581,5032.288,5043.065
2025-02-07T02:00:00.000000Z,42370,5041.588,5054.932,5038.776,5042.854,5041.588,5054.932,5038.776,5042.854,5042.994,5056.216,5040.007,5044.138
2025-02-07T06:00:00.000000Z,50972,5042.854,5050.646,5034.267,5044.615,5042.854,5050.646,5034.267,5044.615,5044.157,5051.897,5035.708,5045.81
2025-02-07T10:00:00.000000Z,68656,5044.633,5056.251,5031.897,5050.892,5044.633,5056.251,5031.897,5050.892,5045.81,5057.789,5036.897,5051.612
2025-02-07T14:00:00.000000Z,119363,5050.962,5103.411,5040.576,5059.197,5050.962,5103.411,5040.576,5059.197,5051.753,5104.892,5041.703,5060.485
2025-02-07T18:00:00.000000Z,44431,5059.358,5061.995,5051.353,5053.692,5059.358,5061.995,5051.353,5053.692,5060.556,5063.066,5052.638,5058.692
2025-02-09T22:00:00.000000Z,36494,5062.908,5091.134,5060.271,5090.681,5062.908,5091.134,5060.271,5090.681,5065.65,5092.53,5062.819,5092.008
2025-02-10T02:00:00.000000Z,45736,5090.698,5095.659,5082.822,5088.749,5090.698,5095.659,5082.822,5088.749,5092.008,5096.967,5084.148,5090.198
2025-02-10T06:00:00.000000Z,66079,5088.855,5130.922,5087.495,5130.296,5088.855,5130.922,5087.495,5130.296,5090.198,5132.156,5088.977,5131.565
2025-02-10T10:00:00.000000Z,70706,5130.314,5147.248,5120.338,5127.016,5130.314,5147.248,5120.338,5127.016,5131.565,5148.22,5121.753,5128.356
2025-02-10T14:00:00.000000Z,74457,5127.016,5146.055,5119.274,5140.746,5127.016,5146.055,5119.274,5140.746,5128.515,5147.079,5121.099,5141.662
2025-02-10T18:00:00.000000Z,35960,5141.185,5155.025,5137.476,5153.981,5141.185,5155.025,5137.476,5153.981,5142.462,5157.214,5138.643,5156.354
2025-02-10T22:00:00.000000Z,35088,5161.323,5206.399,5159.192,5203.885,5161.323,5206.399,5159.192,5203.885,5162.731,5208.123,5161.841,5205.183
2025-02-11T02:00:00.000000Z,62173,5203.793,5221.867,5158.826,5176.905,5203.793,5221.867,5158.826,5176.905,5205.091,5222.893,5160.691,5177.964
2025-02-11T06:00:00.000000Z,70468,5176.997,5187.04,5140.327,5141.041,5176.997,5187.04,5140.327,5141.041,5178.148,5189.147,5141.35,5142.069
2025-02-11T10:00:00.000000Z,85695,5141.133,5150.867,5103.172,5129.59,5141.133,5150.867,5103.172,5129.59,5142.069,5152.25,5104.444,5130.773
2025-02-11T14:00:00.000000Z,84620,5129.5,5143.606,5116.673,5139.729,5129.5,5143.606,5116.673,5139.729,5130.808,5144.879,5118.069,5140.822
2025-02-11T18:00:00.000000Z,42586,5138.345,5145.165,5115.629,5123.263,5138.345,5145.165,5115.629,5123.263,5139.509,5146.377,5116.779,5125.406
2025-02-11T22:00:00.000000Z,29521,5124.769,5127.943,5095.428,5106.726,5124.769,5127.943,5095.428,5106.726,5127.285,5129.536,5096.806,5108.0
2025-02-12T02:00:00.000000Z,47487,5106.602,5111.535,5093.153,5104.078,5106.602,5111.535,5093.153,5104.078,5107.947,5112.557,5094.672,5105.28
2025-02-12T06:00:00.000000Z,55387,5104.078,5127.561,5102.657,5117.29,5104.078,5127.561,5102.657,5117.29,5105.244,5128.713,5103.808,5118.402
2025-02-12T10:00:00.000000Z,72091,5117.219,5145.224,5093.18,5144.412,5117.219,5145.224,5093.18,5144.412,5118.258,5146.163,5094.275,5145.889
2025-02-12T14:00:00.000000Z,100279,5144.32,5162.842,5125.011,5128.596,5144.32,5162.842,5125.011,5128.596,5145.981,5164.323,5126.375,5129.779
2025-02-12T18:00:00.000000Z,45087,5127.426,5148.253,5125.931,5146.228,5127.426,5148.253,5125.931,5146.228,5128.718,5149.999,5127.096,5148.926
2025-02-12T22:00:00.000000Z,26442,5149.065,5156.284,5142.491,5148.297,5149.065,5156.284,5142.491,5148.297,5150.492,5157.396,5143.963,5149.088
2025-02-13T02:00:00.000000Z,45937,5148.115,5164.752,5147.526,5155.526,5148.115,5164.752,5147.526,5155.526,5149.088,5166.28,5148.752,5156.783
2025-02-13T06:00:00.000000Z,60756,5155.526,5176.16,5147.877,5171.404,5155.526,5176.16,5147.877,5171.404,5156.73,5177.528,5149.303,5172.396
2025-02-13T10:00:00.000000Z,60400,5171.259,5189.392,5160.709,5164.356,5171.259,5189.392,5160.709,5164.356,5172.431,5190.641,5161.929,5165.434
2025-02-13T14:00:00.000000Z,77027,5164.356,5179.639,5152.915,5164.782,5164.356,5179.639,5152.915,5164.782,5165.399,5180.877,5153.884,5166.009
2025-02-13T18:00:00.000000Z,49539,5166.59,5178.949,5153.851,5156.641,5166.59,5178.949,5153.851,5156.641,5167.832,5180.005,5155.142,5158.712
2025-02-13T22:00:00.000000Z,30539,5156.509,5164.337,5149.374,5152.504,5156.509,5164.337,5149.374,5152.504,5157.738,5165.432,5150.539,5153.811
2025-02-14T02:00:00.000000Z,43503,5152.487,5157.952,5136.339,5155.22,5152.487,5157.952,5136.339,5155.22,5153.811,5159.473,5137.414,5156.72
2025-02-14T06:00:00.000000Z,61814,5155.184,5162.191,5139.942,5141.726,5155.184,5162.191,5139.942,5141.726,5156.667,5163.462,5141.137,5142.994
2025-02-14T10:00:00.000000Z,68403,5141.726,5155.781,5102.232,5107.52,5141.726,5155.781,5102.232,5107.52,5143.1,5156.75,5103.52,5108.467
2025-02-14T14:00:00.000000Z,107586,5107.485,5114.191,5029.616,5032.792,5107.485,5114.191,5029.616,5032.792,5108.556,5115.329,5031.014,5033.964
2025-02-14T18:00:00.000000Z,45249,5032.774,5035.432,5013.383,5027.711,5032.774,5035.432,5013.383,5027.711,5033.964,5036.622,5014.589,5032.711
2025-02-16T22:00:00.000000Z,39128,5050.99,5051.6,5021.682,5039.613,5050.99,5051.6,5021.682,5039.613,5054.576,5054.907,5023.115,5040.941
2025-02-17T02:00:00.000000Z,52202,5039.508,5065.696,5038.173,5049.337,5039.508,5065.696,5038.173,5049.337,5040.872,5067.498,5039.396,5050.458
2025-02-17T06:00:00.000000Z,57182,5049.024,5067.408,5032.313,5060.857,5049.024,5067.408,5032.313,5060.857,5050.529,5068.3,5033.745,5062.171
2025-02-17T10:00:00.000000Z,51285,5060.945,5062.708,5047.504,5050.335,5060.945,5062.708,5047.504,5050.335,5062.259,5064.232,5048.879,5051.507
2025-02-17T14:00:00.000000Z,38954,5050.353,5062.216,5048.438,5049.919,5050.353,5062.216,5048.438,5049.919,5051.612,5063.459,5049.623,5051.001
2025-02-17T18:00:00.000000Z,10973,5049.406,5053.089,5047.496,5052.421,5049.406,5053.089,5047.496,5052.421,5050.647,5054.49,5048.79,5053.785
2025-02-17T22:00:00.000000Z,23136,5055.064,5069.901,5055.064,5067.768,5055.064,5069.901,5055.064,5067.768,5057.126,5071.183,5056.663,5069.136
2025-02-18T02:00:00.000000Z,50746,5067.699,5109.018,5066.503,5098.061,5067.699,5109.018,5066.503,5098.061,5069.136,5110.478,5068.01,5100.115
2025-02-18T06:00:00.000000Z,45645,5097.903,5106.8,5090.709,5100.524,5097.903,5106.8,5090.709,5100.524,5099.888,5108.314,5091.832,5101.527
2025-02-18T10:00:00.000000Z,53730,5100.524,5124.406,5092.722,5121.796,5100.524,5124.406,5092.722,5121.796,5101.438,5125.499,5094.149,5122.99
2025-02-18T14:00:00.000000Z,73644,5121.813,5146.564,5119.368,5141.447,5121.813,5146.564,5119.368,5141.447,5123.025,5147.811,5120.672,5142.912
2025-02-18T18:00:00.000000Z,37204,5140.177,5150.254,5138.992,5144.851,5140.177,5150.254,5138.992,5144.851,5141.183,5151.414,5140.417,5147.15
2025-02-18T22:00:00.000000Z,24098,5143.904,5173.403,5125.945,5159.851,5143.904,5173.403,5125.945,5159.851,5146.375,5174.926,5129.87,5161.435
2025-02-19T02:00:00.000000Z,49511,5159.76,5169.418,5114.867,5123.189,5159.76,5169.418,5114.867,5123.189,5161.435,5170.87,5116.097,5124.385
2025-02-19T06:00:00.000000Z,46732,5123.084,5146.106,5116.413,5144.671,5123.084,5146.106,5116.413,5144.671,5124.315,5147.28,5117.224,5145.917
2025-02-19T10:00:00.000000Z,59517,5144.671,5152.803,5131.028,5138.18,5144.671,5152.803,5131.028,5138.18,5146.097,5154.175,5132.297,5139.355
2025-02-19T14:00:00.000000Z,80692,5138.09,5147.316,5119.638,5128.744,5138.09,5147.316,5119.638,5128.744,5139.302,5147.941,5120.776,5130.065
2025-02-19T18:00:00.000000Z,47972,5126.981,5151.031,5121.155,5140.486,5126.981,5151.031,5121.155,5140.486,5128.157,5152.426,5122.295,5142.724
2025-02-19T22:00:00.000000Z,27032,5140.862,5158.484,5140.72,5154.892,5140.862,5158.484,5140.72,5154.892,5142.659,5159.88,5142.484,5156.484
2025-02-20T02:00:00.000000Z,46531,5154.945,5159.995,5139.899,5150.858,5154.945,5159.995,5139.899,5150.858,5156.484,5161.41,5141.021,5151.965
2025-02-20T06:00:00.000000Z,47432,5150.858,5163.028,5141.991,5151.384,5150.858,5163.028,5141.991,5151.384,5152.055,5164.389,5143.474,5152.74
2025-02-20T10:00:00.000000Z,62311,5151.474,5156.104,5117.359,5117.359,5151.474,5156.104,5117.359,5117.359,5152.74,5157.492,5118.675,5118.675
2025-02-20T14:00:00.000000Z,82077,5117.289,5119.924,5097.785,5105.299,5117.289,5119.924,5097.785,5105.299,5118.588,5121.328,5098.883,5106.243
2025-02-20T18:00:00.000000Z,40857,5102.407,5103.622,5090.219,5099.732,5102.407,5103.622,5090.219,5099.732,5103.838,5104.845,5091.722,5102.142
2025-02-20T22:00:00.000000Z,31406,5096.221,5114.922,5081.228,5084.749,5096.221,5114.922,5081.228,5084.749,5098.525,5116.58,5082.522,5086.861
2025-02-21T02:00:00.000000Z,55674,5084.749,5101.475,5072.771,5086.612,5084.749,5101.475,5072.771,5086.612,5086.756,5102.926,5074.195,5087.818
2025-02-21T06:00:00.000000Z,50698,5086.578,5091.335,5062.925,5087.645,5086.578,5091.335,5062.925,5087.645,5087.766,5092.678,5064.095,5088.819
2025-02-21T10:00:00.000000Z,48866,5087.556,5099.084,5083.223,5091.572,5087.556,5099.084,5083.223,5091.572,5088.73,5100.292,5084.431,5092.936
2025-02-21T14:00:00.000000Z,83028,5091.572,5115.782,5079.971,5113.856,5091.572,5115.782,5079.971,5113.856,5093.007,5116.823,5081.236,5114.979
2025-02-21T18:00:00.000000Z,51898,5113.856,5126.617,5105.442,5110.166,5113.856,5126.617,5105.442,5110.166,5115.085,5127.92,5106.739,5115.166
2025-02-23T22:00:00.000000Z,37536,5110.876,5111.399,5080.996,5090.462,5110.876,5111.399,5080.996,5090.462,5113.55,5113.828,5082.848,5091.913
2025-02-24T02:00:00.000000Z,60112,5090.15,5109.457,5083.554,5100.054,5090.15,5109.457,5083.554,5100.054,5092.021,5110.859,5084.883,5101.19
2025-02-24T06:00:00.000000Z,49945,5100.054,5127.126,5098.443,5124.024,5100.054,5127.126,5098.443,5124.024,5101.225,5128.669,5099.912,5125.3
2025-02-24T10:00:00.000000Z,52144,5123.778,5140.092,5108.155,5139.935,5123.778,5140.092,5108.155,5139.935,5125.195,5141.338,5109.152,5141.32
2025-02-24T14:00:00.000000Z,86997,5140.024,5142.604,5105.748,5123.553,5140.024,5142.604,5105.748,5123.553,5141.32,5143.537,5106.975,5125.062
2025-02-24T18:00:00.000000Z,42370,5125.403,5153.367,5122.225,5149.561,5125.403,5153.367,5122.225,5149.561,5126.842,5154.671,5123.427,5151.388
2025-02-24T22:00:00.000000Z,29876,5152.632,5156.427,5142.974,5149.389,5152.632,5156.427,5142.974,5149.389,5154.093,5157.851,5144.487,5150.723
2025-02-25T02:00:00.000000Z,47188,5149.389,5153.37,5115.421,5120.237,5149.389,5153.37,5115.421,5120.237,5150.635,5154.422,5116.876,5121.452
2025-02-25T06:00:00.000000Z,63494,5120.237,5146.094,5114.071,5142.14,5120.237,5146.094,5114.071,5142.14,5121.273,5147.324,5115.282,5143.372
2025-02-25T10:00:00.000000Z,73061,5142.087,5150.578,5111.67,5128.976,5142.087,5150.578,5111.67,5128.976,5143.23,5151.879,5112.902,5130.08
2025-02-25T14:00:00.000000Z,112432,5128.887,5142.822,5055.066,5086.499,5128.887,5142.822,5055.066,5086.499,5130.08,5143.973,5056.098,5087.78
2025-02-25T18:00:00.000000Z,45841,5083.923,5095.62,5080.662,5090.292,5083.923,5095.62,5080.662,5090.292,5085.097,5096.798,5081.572,5092.17
2025-02-25T22:00:00.000000Z,29949,5089.596,5122.196,5083.415,5102.695,5089.596,5122.196,5083.415,5102.695,5091.714,5123.727,5085.159,5103.853
2025-02-26T02:00:00.000000Z,39252,5102.695,5114.296,5097.184,5107.452,5102.695,5114.296,5097.184,5107.452,5103.976,5115.763,5098.342,5108.786
2025-02-26T06:00:00.000000Z,47229,5107.487,5109.885,5087.196,5104.89,5107.487,5109.885,5087.196,5104.89,5108.786,5111.218,5088.405,5106.246
2025-02-26T10:00:00.000000Z,44820,5104.979,5123.812,5103.249,5104.56,5104.979,5123.812,5103.249,5104.56,5106.157,5125.17,5104.429,5105.65
2025-02-26T14:00:00.000000Z,89680,5104.809,5111.902,5077.689,5107.421,5104.809,5111.902,5077.689,5107.421,5105.65,5113.021,5078.812,5108.882
2025-02-26T18:00:00.000000Z,42650,5106.511,5126.877,5105.405,5119.315,5106.511,5126.877,5105.405,5119.315,5107.758,5128.676,5106.618,5120.994
2025-02-26T22:00:00.000000Z,28132,5117.661,5125.827,5112.408,5114.142,5117.661,5125.827,5112.408,5114.142,5119.191,5127.17,5113.712,5115.551
2025-02-27T02:00:00.000000Z,50389,5114.142,5119.168,5088.378,5090.216,5114.142,5119.168,5088.378,5090.216,5115.641,5120.404,5089.334,5091.714
2025-02-27T06:00:00.000000Z,62678,5090.306,5100.73,5062.329,5077.361,5090.306,5100.73,5062.329,5077.361,5091.625,5101.961,5063.807,5078.927
2025-02-27T10:00:00.000000Z,68475,5077.379,5106.638,5072.079,5104.411,5077.379,5106.638,5072.079,5104.411,5078.927,5107.926,5073.602,5105.411
2025-02-27T14:00:00.000000Z,100477,5104.142,5114.028,5074.279,5111.982,5104.142,5114.028,5074.279,5111.982,5105.501,5115.195,5075.498,5113.381
2025-02-27T18:00:00.000000Z,42501,5112.284,5116.819,5098.29,5107.55,5112.284,5116.819,5098.29,5107.55,5113.449,5118.025,5099.265,5110.523
2025-02-27T22:00:00.000000Z,33037,5107.309,5129.474,5104.681,5120.658,5107.309,5129.474,5104.681,5120.658,5108.392,5130.973,5106.579,5122.332
2025-02-28T02:00:00.000000Z,59554,5120.569,5130.107,5098.726,5113.345,5120.569,5130.107,5098.726,5113.345,5122.207,5131.166,5100.239,5114.444
2025-02-28T06:00:00.000000Z,56965,5113.579,5119.812,5088.283,5109.603,5113.579,5119.812,5088.283,5109.603,5114.444,5121.071,5089.69,5111.135
2025-02-28T10:00:00.000000Z,54659,5109.603,5114.937,5082.848,5083.735,5109.603,5114.937,5082.848,5083.735,5111.153,5116.47,5084.055,5085.065
2025-02-28T14:00:00.000000Z,98167,5083.861,5093.836,5056.182,5081.928,5083.861,5093.836,5056.182,5081.928,5085.083,5095.348,5057.189,5083.082
2025-02-28T18:00:00.000000Z,47824,5081.928,5108.548,5076.534,5103.031,5081.928,5108.548,5076.534,5103.031,5083.332,5110.623,5077.796,5108.031
2025-03-02T22:00:00.000000Z,36322,5126.922,5132.325,5107.649,5115.972,5126.922,5132.325,5107.649,5115.972,5127.609,5133.782,5109.035,5117.267
2025-03-03T02:00:00.000000Z,45018,5115.972,5119.178,5104.848,5111.293,5115.972,5119.178,5104.848,5111.293,5117.358,5120.333,5106.304,5112.68
2025-03-03T06:00:00.000000Z,54218,5111.293,5123.266,5105.387,5112.374,5111.293,5123.266,5105.387,5112.374,5112.662,5124.006,5106.649,5113.723
2025-03-03T10:00:00.000000Z,52845,5112.283,5130.887,5110.964,5116.48,5112.283,5130.887,5110.964,5116.48,5113.905,5132.036,5111.95,5117.669
2025-03-03T14:00:00.000000Z,78935,5116.462,5137.706,5107.981,5129.238,5116.462,5137.706,5107.981,5129.238,5117.743,5138.806,5109.558,5130.55
2025-03-03T18:00:00.000000Z,53880,5130.869,5152.506,5123.33,5149.474,5130.869,5152.506,5123.33,5149.474,5132.272,5153.786,5124.538,5151.77
2025-03-03T22:00:00.000000Z,33532,5151.363,5158.256,5129.03,5146.337,5151.363,5158.256,5129.03,5146.337,5153.16,5159.66,5130.629,5147.597
2025-03-04T02:00:00.000000Z,54194,5146.337,5165.55,5143.005,5153.115,5146.337,5165.55,5143.005,5153.115,5147.505,5167.099,5144.29,5154.685
2025-03-04T06:00:00.000000Z,62426,5153.207,5196.565,5141.581,5187.023,5153.207,5196.565,5141.581,5187.023,5154.776,5197.744,5142.949,5188.497
2025-03-04T10:00:00.000000Z,69148,5186.988,5198.167,5173.423,5189.52,5186.988,5198.167,5173.423,5189.52,5188.266,5199.623,5174.822,5190.804
2025-03-04T14:00:00.000000Z,107111,5189.612,5191.769,5164.641,5179.282,5189.612,5191.769,5164.641,5179.282,5190.804,5193.209,5166.326,5180.961
2025-03-04T18:00:00.000000Z,57507,5179.995,5180.357,5146.067,5149.961,5179.995,5180.357,5146.067,5149.961,5181.547,5181.945,5147.444,5152.378
2025-03-04T22:00:00.000000Z,34430,5149.476,5163.263,5127.632,5142.393,5149.476,5163.263,5127.632,5142.393,5150.636,5164.679,5129.581,5143.696
2025-03-05T02:00:00.000000Z,50593,5142.357,5165.027,5141.505,5164.938,5142.357,5165.027,5141.505,5164.938,5143.713,5166.286,5142.958,5166.106
2025-03-05T06:00:00.000000Z,68920,5164.829,5165.962,5127.597,5139.056,5164.829,5165.962,5127.597,5139.056,5166.162,5167.253,5129.162,5140.046
2025-03-05T10:00:00.000000Z,81857,5139.073,5140.888,5087.09,5091.983,5139.073,5140.888,5087.09,5091.983,5140.046,5142.213,5088.513,5093.514
2025-03-05T14:00:00.000000Z,119568,5091.948,5138.031,5085.369,5102.183,5091.948,5138.031,5085.369,5102.183,5093.514,5139.386,5086.599,5103.711
2025-03-05T18:00:00.000000Z,45062,5100.682,5112.699,5092.055,5097.272,5100.682,5112.699,5092.055,5097.272,5102.12,5114.068,5093.555,5098.686
2025-03-05T22:00:00.000000Z,29387,5091.184,5100.363,5089.695,5093.831,5091.184,5100.363,5089.695,5093.831,5092.891,5101.609,5091.538,5095.058
2025-03-06T02:00:00.000000Z,45588,5093.848,5101.839,5080.749,5090.81,5093.848,5101.839,5080.749,5090.81,5094.969,5103.034,5082.202,5092.546
2025-03-06T06:00:00.000000Z,79432,5090.81,5096.091,5040.062,5046.506,5090.81,5096.091,5040.062,5046.506,5092.668,5097.49,5041.356,5047.75
2025-03-06T10:00:00.000000Z,82511,5046.594,5071.625,5042.163,5062.047,5046.594,5071.625,5042.163,5062.047,5047.838,5072.991,5043.555,5063.465
2025-03-06T14:00:00.000000Z,106126,5062.029,5084.498,5060.242,5077.222,5062.029,5084.498,5060.242,5077.222,5063.465,5086.004,5061.971,5078.672
2025-03-06T18:00:00.000000Z,45850,5080.222,5084.452,5072.078,5074.619,5080.222,5084.452,5072.078,5074.619,5081.746,5085.999,5072.691,5076.46
2025-03-06T22:00:00.000000Z,32471,5074.46,5080.677,5046.08,5072.207,5074.46,5080.677,5046.08,5072.207,5075.758,5082.062,5048.019,5073.486
2025-03-07T02:00:00.000000Z,54016,5072.189,5096.502,5065.743,5092.241,5072.189,5096.502,5065.743,5092.241,5073.486,5097.642,5067.146,5093.504
2025-03-07T06:00:00.000000Z,61409,5092.241,5106.599,5087.818,5100.375,5092.241,5106.599,5087.818,5100.375,5093.593,5107.756,5089.175,5102.112
2025-03-07T10:00:00.000000Z,78847,5100.216,5117.259,5091.425,5105.455,5100.216,5117.259,5091.425,5105.455,5102.112,5118.539,5094.076,5106.881
2025-03-07T14:00:00.000000Z,111587,5105.455,5128.56,5084.953,5103.458,5105.455,5128.56,5084.953,5103.458,5106.759,5129.775,5086.567,5105.008
2025-03-07T18:00:00.000000Z,46204,5103.158,5106.683,5086.667,5094.034,5103.158,5106.683,5086.667,5094.034,5104.478,5107.794,5087.773,5099.034
2025-03-09T21:00:00.000000Z,24710,5100.202,5110.158,5093.178,5096.739,5100.202,5110.158,5093.178,5096.739,5102.96,5111.656,5095.313,5098.249
2025-03-10T01:00:00.000000Z,45637,5096.65,5104.894,5087.95,5094.707,5096.65,5104.894,5087.95,5094.707,5098.249,5106.355,5088.943,5095.654
2025-03-10T05:00:00.000000Z,60944,5094.777,5094.905,5057.071,5058.905,5094.777,5094.905,5057.071,5058.905,5095.565,5095.832,5058.506,5060.395
2025-03-10T09:00:00.000000Z,76494,5058.661,5081.427,5050.223,5065.459,5058.661,5081.427,5050.223,5065.459,5060.027,5082.548,5051.353,5067.0
2025-03-10T13:00:00.000000Z,101627,5065.442,5078.88,5051.023,5062.554,5065.442,5078.88,5051.023,5062.554,5067.157,5080.139,5052.037,5063.711
2025-03-10T17:00:00.000000Z,60340,5062.643,5071.811,5039.826,5069.398,5062.643,5071.811,5039.826,5069.398,5063.711,5072.904,5040.861,5071.475
2025-03-10T21:00:00.000000Z,25281,5069.513,5073.872,5059.753,5072.775,5069.513,5073.872,5059.753,5072.775,5072.002,5075.209,5060.84,5073.725
2025-03-11T01:00:00.000000Z,60163,5072.864,5094.081,5067.122,5087.247,5072.864,5094.081,5067.122,5087.247,5073.725,5095.471,5068.534,5088.76
2025-03-11T05:00:00.000000Z,57757,5087.229,5106.559,5081.87,5100.637,5087.229,5106.559,5081.87,5100.637,5088.76,5107.829,5083.136,5101.639
2025-03-11T09:00:00.000000Z,54067,5100.475,5115.298,5094.588,5104.462,5100.475,5115.298,5094.588,5104.462,5101.549,5116.481,5095.923,5105.499
2025-03-11T13:00:00.000000Z,89440,5104.462,5121.905,5094.756,5110.126,5104.462,5121.905,5094.756,5110.126,5105.588,5123.068,5096.075,5111.198
2025-03-11T17:00:00.000000Z,52160,5110.089,5116.506,5094.274,5100.005,5110.089,5116.506,5094.274,5100.005,5111.251,5117.632,5095.572,5101.575
2025-03-11T21:00:00.000000Z,16294,5100.927,5108.502,5098.009,5104.297,5100.927,5108.502,5098.009,5104.297,5102.818,5109.905,5099.185,5105.826
2025-03-12T01:00:00.000000Z,41436,5104.315,5119.496,5096.535,5108.959,5104.315,5119.496,5096.535,5108.959,5105.826,5120.924,5097.955,5110.507
2025-03-12T05:00:00.000000Z,56037,5108.942,5118.3,5101.337,5109.895,5108.942,5118.3,5101.337,5109.895,5110.437,5119.797,5102.415,5111.049
2025-03-12T09:00:00.000000Z,62513,5109.928,5115.781,5086.223,5111.736,5109.928,5115.781,5086.223,5111.736,5111.049,5117.293,5089.304,5113.005
2025-03-12T13:00:00.000000Z,102633,5111.629,5132.114,5082.752,5128.036,5111.629,5132.114,5082.752,5128.036,5112.828,5133.287,5084.247,5128.825
2025-03-12T17:00:00.000000Z,41316,5128.036,5132.546,5114.911,5119.111,5128.036,5132.546,5114.911,5119.111,5128.773,5133.693,5116.348,5120.956
2025-03-12T21:00:00.000000Z,13853,5118.968,5124.953,5116.537,5120.485,5118.968,5124.953,5116.537,5120.485,5120.84,5126.263,5117.533,5121.679
2025-03-13T01:00:00.000000Z,41641,5120.538,5141.225,5119.352,5139.699,5120.538,5141.225,5119.352,5139.699,5121.625,5142.683,5120.79,5141.227
2025-03-13T05:00:00.000000Z,51133,5139.699,5157.532,5134.097,5154.953,5139.699,5157.532,5134.097,5154.953,5141.262,5158.678,5135.698,5156.38
2025-03-13T09:00:00.000000Z,62699,5154.971,5183.158,5150.662,5173.241,5154.971,5183.158,5150.662,5173.241,5156.416,5184.154,5154.741,5174.384
2025-03-13T13:00:00.000000Z,107546,5173.059,5225.633,5166.665,5219.823,5173.059,5225.633,5166.665,5219.823,5174.384,5226.789,5167.902,5221.235
2025-03-13T17:00:00.000000Z,46394,5219.788,5246.029,5215.832,5245.218,5219.788,5246.029,5215.832,5245.218,5221.253,5248.559,5217.324,5247.783
2025-03-13T21:00:00.000000Z,17685,5235.823,5243.984,5233.287,5237.903,5235.823,5243.984,5233.287,5237.903,5238.088,5245.579,5234.416,5239.423
2025-03-14T01:00:00.000000Z,51915,5237.916,5243.699,5223.635,5228.204,5237.916,5243.699,5223.635,5228.204,5239.51,5244.797,5225.083,5229.652
2025-03-14T05:00:00.000000Z,53338,5228.204,5228.91,5213.272,5224.208,5228.204,5228.91,5213.272,5224.208,5229.744,5230.526,5214.503,5225.464
2025-03-14T09:00:00.000000Z,67199,5224.19,5250.9,5214.197,5216.382,5224.19,5250.9,5214.197,5216.382,5225.464,5252.22,5215.427,5217.412
2025-03-14T13:00:00.000000Z,88470,5216.504,5221.733,5183.475,5202.724,5216.504,5221.733,5183.475,5202.724,5217.412,5222.876,5184.828,5203.886
2025-03-14T17:00:00.000000Z,35985,5202.724,5203.128,5181.5,5191.145,5202.724,5203.128,5181.5,5191.145,5203.834,5204.447,5182.542,5196.145
2025-03-16T21:00:00.000000Z,17922,5193.0,5202.202,5185.166,5199.838,5193.0,5202.202,5185.166,5199.838,5194.857,5203.916,5186.614,5200.77
2025-03-17T01:00:00.000000Z,40758,5199.803,5202.982,5177.343,5178.747,5199.803,5202.982,5177.343,5178.747,5200.736,5204.154,5178.888,5179.991
2025-03-17T05:00:00.000000Z,39721,5178.765,5191.899,5168.215,5175.491,5178.765,5191.899,5168.215,5175.491,5180.164,5193.163,5169.179,5176.701
2025-03-17T09:00:00.000000Z,49615,5175.456,5187.491,5157.134,5161.39,5175.456,5187.491,5157.134,5161.39,5176.701,5188.483,5158.425,5162.699
2025-03-17T13:00:00.000000Z,74834,5161.39,5172.875,5146.427,5148.362,5161.39,5172.875,5146.427,5148.362,5162.716,5174.223,5147.816,5149.632
2025-03-17T17:00:00.000000Z,32307,5148.465,5156.347,5146.474,5154.794,5148.465,5156.347,5146.474,5154.794,5149.666,5157.92,5147.706,5157.219
2025-03-17T21:00:00.000000Z,13218,5155.817,5157.217,5148.309,5153.363,5155.817,5157.217,5148.309,5153.363,5157.253,5158.261,5149.806,5154.88
2025-03-18T01:00:00.000000Z,38699,5153.328,5186.15,5147.296,5180.299,5153.328,5186.15,5147.296,5180.299,5154.863,5187.298,5148.429,5181.519
2025-03-18T05:00:00.000000Z,46555,5180.282,5192.758,5164.806,5191.527,5180.282,5192.758,5164.806,5191.527,5181.519,5193.733,5165.976,5192.639
2025-03-18T09:00:00.000000Z,55108,5191.544,5223.156,5179.496,5219.887,5191.544,5223.156,5179.496,5219.887,5192.759,5224.426,5180.616,5221.315
2025-03-18T13:00:00.000000Z,86335,5219.853,5229.319,5207.14,5221.256,5219.853,5229.319,5207.14,5221.256,5221.405,5230.61,5208.224,5222.619
2025-03-18T17:00:00.000000Z,33883,5221.166,5221.434,5206.401,5212.475,5221.166,5221.434,5206.401,5212.475,5222.529,5222.693,5207.705,5214.456
2025-03-18T21:00:00.000000Z,9841,5212.514,5215.279,5208.31,5211.497,5212.514,5215.279,5208.31,5211.497,5214.116,5216.709,5209.551,5212.704
2025-03-19T01:00:00.000000Z,34607,5211.462,5227.739,5205.711,5226.335,5211.462,5227.739,5205.711,5226.335,5212.704,5229.146,5206.911,5227.91
2025-03-19T05:00:00.000000Z,55774,5226.4,5251.366,5220.973,5227.699,5226.4,5251.366,5220.973,5227.699,5228.082,5252.6,5222.238,5229.027
2025-03-19T09:00:00.000000Z,49527,5227.595,5252.667,5226.067,5246.248,5227.595,5252.667,5226.067,5246.248,5228.958,5253.823,5227.275,5247.671
2025-03-19T13:00:00.000000Z,71682,5246.304,5250.654,5229.917,5242.775,5246.304,5250.654,5229.917,5242.775,5247.727,5251.928,5231.055,5243.983
2025-03-19T17:00:00.000000Z,56918,5242.663,5252.434,5234.955,5238.69,5242.663,5252.434,5234.955,5238.69,5244.0,5253.961,5236.288,5240.44
2025-03-19T21:00:00.000000Z,17735,5238.194,5265.308,5231.764,5260.528,5238.194,5265.308,5231.764,5260.528,5240.029,5266.727,5233.104,5262.054
2025-03-20T01:00:00.000000Z,47704,5260.472,5277.304,5256.61,5269.038,5260.472,5277.304,5256.61,5269.038,5262.123,5278.549,5257.942,5270.488
2025-03-20T05:00:00.000000Z,54113,5269.332,5282.647,5262.8,5280.943,5269.332,5282.647,5262.8,5280.943,5270.695,5283.993,5263.983,5281.952
2025-03-20T09:00:00.000000Z,71921,5280.926,5301.651,5272.175,5300.443,5280.926,5301.651,5272.175,5300.443,5281.865,5302.968,5273.698,5301.676
2025-03-20T13:00:00.000000Z,79697,5300.443,5304.655,5280.785,5288.294,5300.443,5304.655,5280.785,5288.294,5301.711,5305.836,5281.802,5289.583
2025-03-20T17:00:00.000000Z,32806,5288.242,5293.889,5283.476,5286.548,5288.242,5293.889,5283.476,5286.548,5289.583,5295.167,5284.576,5288.106
2025-03-20T21:00:00.000000Z,13192,5289.425,5291.048,5277.102,5279.47,5289.425,5291.048,5277.102,5279.47,5290.799,5291.931,5278.335,5280.665
2025-03-21T01:00:00.000000Z,45946,5279.47,5285.586,5264.639,5269.697,5279.47,5285.586,5264.639,5269.697,5280.848,5287.021,5266.191,5271.141
2025-03-21T05:00:00.000000Z,46430,5269.697,5271.759,5256.152,5265.589,5269.697,5271.759,5256.152,5265.589,5271.28,5273.134,5257.313,5266.605
2025-03-21T09:00:00.000000Z,44968,5265.498,5274.798,5258.142,5270.563,5265.498,5274.798,5258.142,5270.563,5266.432,5276.074,5259.331,5271.932
2025-03-21T13:00:00.000000Z,90910,5270.816,5277.482,5219.409,5255.996,5270.816,5277.482,5219.409,5255.996,5271.914,5278.961,5220.495,5257.14
2025-03-21T17:00:00.000000Z,34004,5255.996,5275.756,5250.251,5273.135,5255.996,5275.756,5250.251,5273.135,5256.957,5277.541,5251.256,5276.62
2025-03-23T21:00:00.000000Z,19166,5266.079,5272.679,5250.799,5251.673,5266.079,5272.679,5250.799,5251.673,5267.433,5274.291,5251.664,5252.873
2025-03-24T01:00:00.000000Z,44844,5251.586,5277.623,5251.199,5275.948,5251.586,5277.623,5251.199,5275.948,5252.942,5278.892,5252.529,5277.135
2025-03-24T05:00:00.000000Z,50550,5275.948,5284.548,5265.719,5282.599,5275.948,5284.548,5265.719,5282.599,5276.855,5285.874,5266.662,5283.485
2025-03-24T09:00:00.000000Z,61062,5282.554,5288.187,5263.031,5281.345,5282.554,5288.187,5263.031,5281.345,5283.677,5289.491,5264.25,5282.364
2025-03-24T13:00:00.000000Z,87165,5281.17,5289.298,5252.416,5267.464,5281.17,5289.298,5252.416,5267.464,5282.189,5290.671,5253.614,5268.549
2025-03-24T17:00:00.000000Z,40954,5267.499,5268.139,5248.061,5257.571,5267.499,5268.139,5248.061,5257.571,5268.549,5269.283,5248.857,5259.249
2025-03-24T21:00:00.000000Z,12403,5257.42,5268.372,5254.453,5267.852,5257.42,5268.372,5254.453,5267.852,5259.46,5269.915,5255.904,5269.178
2025-03-25T01:00:00.000000Z,42443,5267.887,5271.629,5255.156,5268.825,5267.887,5271.629,5255.156,5268.825,5269.178,5272.85,5256.451,5269.962
2025-03-25T05:00:00.000000Z,43483,5268.549,5286.304,5264.159,5286.114,5268.549,5286.304,5264.159,5286.114,5269.962,5287.557,5265.267,5287.407
2025-03-25T09:00:00.000000Z,48415,5285.904,5286.962,5246.652,5257.824,5285.904,5286.962,5246.652,5257.824,5287.429,5287.932,5247.595,5258.911
2025-03-25T13:00:00.000000Z,78718,5257.824,5291.762,5254.643,5268.774,5257.824,5291.762,5254.643,5268.774,5259.002,5292.925,5255.59,5269.897
2025-03-25T17:00:00.000000Z,29260,5268.774,5271.741,5262.66,5266.856,5268.774,5271.741,5262.66,5266.856,5269.914,5272.685,5263.947,5268.543
2025-03-25T21:00:00.000000Z,11064,5267.379,5274.327,5266.386,5273.88,5267.379,5274.327,5266.386,5273.88,5269.524,5275.82,5267.613,5275.184
2025-03-26T01:00:00.000000Z,44774,5273.972,5278.769,5244.867,5246.205,5273.972,5278.769,5244.867,5246.205,5275.184,5280.124,5246.218,5247.787
2025-03-26T05:00:00.000000Z,48802,5246.357,5271.032,5244.103,5254.199,5246.357,5271.032,5244.103,5254.199,5247.892,5272.193,5245.424,5255.528
2025-03-26T09:00:00.000000Z,51111,5254.307,5268.229,5237.275,5263.858,5254.307,5268.229,5237.275,5263.858,5255.619,5269.298,5238.516,5265.132
2025-03-26T13:00:00.000000Z,71779,5263.95,5264.645,5238.151,5253.104,5263.95,5264.645,5238.151,5253.104,5265.132,5265.756,5239.323,5254.248
2025-03-26T17:00:00.000000Z,34503,5253.087,5277.298,5252.259,5270.056,5253.087,5277.298,5252.259,5270.056,5254.248,5278.82,5253.459,5271.919
2025-03-26T21:00:00.000000Z,18965,5278.052,5286.361,5271.584,5283.388,5278.052,5286.361,5271.584,5283.388,5279.238,5287.7,5273.691,5284.871
2025-03-27T01:00:00.000000Z,44139,5283.296,5290.184,5270.927,5283.243,5283.296,5290.184,5270.927,5283.243,5284.871,5291.26,5272.314,5284.832
2025-03-27T05:00:00.000000Z,50844,5283.347,5293.942,5264.379,5281.925,5283.347,5293.942,5264.379,5281.925,5284.919,5294.983,5265.766,5283.168
2025-03-27T09:00:00.000000Z,57804,5282.126,5323.402,5278.959,5308.25,5282.126,5323.402,5278.959,5308.25,5283.352,5324.519,5280.132,5309.645
2025-03-27T13:00:00.000000Z,95183,5308.402,5326.896,5286.199,5309.0,5308.402,5326.896,5286.199,5309.0,5309.657,5328.152,5287.157,5310.255
2025-03-27T17:00:00.000000Z,35034,5309.139,5329.817,5306.717,5324.203,5309.139,5329.817,5306.717,5324.203,5310.255,5330.923,5308.042,5325.878
2025-03-27T21:00:00.000000Z,21854,5325.304,5346.974,5322.836,5344.493,5325.304,5346.974,5322.836,5344.493,5326.781,5348.212,5324.417,5345.489
2025-03-28T01:00:00.000000Z,49489,5344.475,5383.522,5344.301,5379.023,5344.475,5383.522,5344.301,5379.023,5345.408,5384.544,5345.338,5380.583
2025-03-28T05:00:00.000000Z,52527,5379.069,5401.012,5359.932,5372.81,5379.069,5401.012,5359.932,5372.81,5380.741,5402.415,5361.162,5373.936
2025-03-28T09:00:00.000000Z,53214,5372.81,5389.295,5364.091,5374.423,5372.81,5389.295,5364.091,5374.423,5374.012,5390.479,5365.269,5375.437
2025-03-28T13:00:00.000000Z,94305,5374.423,5390.298,5356.715,5388.599,5374.423,5390.298,5356.715,5388.599,5375.42,5391.455,5357.869,5389.756
2025-03-28T17:00:00.000000Z,40891,5388.599,5399.885,5376.209,5394.956,5388.599,5399.885,5376.209,5394.956,5389.732,5401.236,5377.318,5399.956
2025-03-30T21:00:00.000000Z,28418,5426.026,5434.197,5394.318,5396.281,5426.026,5434.197,5394.318,5396.281,5427.317,5435.333,5395.596,5397.721
2025-03-31T01:00:00.000000Z,50396,5396.169,5459.941,5387.614,5455.403,5396.169,5459.941,5387.614,5455.403,5397.703,5461.374,5388.748,5456.732
2025-03-31T05:00:00.000000Z,61223,5455.263,5492.676,5442.913,5487.723,5455.263,5492.676,5442.913,5487.723,5456.68,5494.175,5444.52,5488.916
2025-03-31T09:00:00.000000Z,54720,5487.723,5511.195,5472.93,5510.152,5487.723,5511.195,5472.93,5510.152,5488.986,5512.32,5473.929,5511.356
2025-03-31T13:00:00.000000Z,92131,5509.676,5524.643,5472.409,5498.097,5509.676,5524.643,5472.409,5498.097,5510.844,5525.698,5473.205,5499.037
2025-03-31T17:00:00.000000Z,32409,5497.983,5504.929,5492.705,5500.275,5497.983,5504.929,5492.705,5500.275,5499.037,5506.177,5493.74,5502.27
2025-03-31T21:00:00.000000Z,15658,5503.974,5517.485,5497.677,5513.561,5503.974,5517.485,5497.677,5513.561,5505.23,5518.857,5499.003,5514.774
2025-04-01T01:00:00.000000Z,56063,5513.473,5548.438,5513.473,5528.131,5513.473,5548.438,5513.473,5528.131,5514.616,5550.024,5514.616,5529.783
2025-04-01T05:00:00.000000Z,69195,5528.131,5545.847,5507.981,5512.644,5528.131,5545.847,5507.981,5512.644,5529.765,5546.972,5509.273,5513.901
2025-04-01T09:00:00.000000Z,62483,5512.609,5528.704,5507.082,5518.142,5512.609,5528.704,5507.082,5518.142,5514.059,5529.749,5508.258,5519.319
2025-04-01T13:00:00.000000Z,92258,5518.063,5525.446,5439.903,5452.451,5518.063,5525.446,5439.903,5452.451,5519.178,5526.765,5441.178,5453.606
2025-04-01T17:00:00.000000Z,34559,5452.451,5479.468,5450.114,5462.689,5452.451,5479.468,5450.114,5462.689,5453.747,5480.801,5451.312,5464.623
2025-04-01T21:00:00.000000Z,18275,5460.995,5473.705,5442.995,5473.07,5460.995,5473.705,5442.995,5473.07,5463.258,5474.769,5444.672,5474.357
2025-04-02T01:00:00.000000Z,40459,5473.07,5491.785,5444.12,5445.671,5473.07,5491.785,5444.12,5445.671,5474.261,5492.905,5445.392,5447.076
2025-04-02T05:00:00.000000Z,52475,5445.671,5460.846,5433.339,5454.557,5445.671,5460.846,5433.339,5454.557,5446.999,5461.91,5434.796,5455.785
2025-04-02T09:00:00.000000Z,55743,5454.679,5455.079,5419.842,5433.786,5454.679,5455.079,5419.842,5433.786,5455.907,5456.238,5420.904,5435.032
2025-04-02T13:00:00.000000Z,74838,5433.751,5465.982,5425.024,5460.032,5433.751,5465.982,5425.024,5460.032,5435.032,5466.993,5426.146,5461.281
2025-04-02T17:00:00.000000Z,58781,5460.032,5487.887,5380.926,5452.345,5460.032,5487.887,5380.926,5452.345,5461.315,5488.983,5382.529,5457.345
2025-04-02T21:00:00.000000Z,75148,5479.656,5534.007,5468.216,5495.691,5479.656,5534.007,5468.216,5495.691,5483.328,5535.567,5471.12,5497.271
2025-04-03T01:00:00.000000Z,75267,5496.144,5506.13,5471.003,5478.679,5496.144,5506.13,5471.003,5478.679,5497.498,5507.745,5472.425,5480.066
2025-04-03T05:00:00.000000Z,97891,5478.783,5478.783,5392.64,5397.943,5478.783,5478.783,5392.64,5397.943,5480.363,5480.363,5394.107,5399.034
2025-04-03T09:00:00.000000Z,117129,5397.96,5399.882,5259.45,5275.761,5397.96,5399.882,5259.45,5275.761,5398.941,5401.16,5260.685,5277.093
2025-04-03T13:00:00.000000Z,125349,5275.778,5366.19,5224.206,5347.716,5275.778,5366.19,5224.206,5347.716,5277.093,5367.319,5225.41,5348.948
2025-04-03T17:00:00.000000Z,46657,5347.682,5387.787,5340.333,5374.563,5347.682,5387.787,5340.333,5374.563,5348.948,5389.224,5341.628,5376.497
2025-04-03T21:00:00.000000Z,26137,5374.78,5384.838,5364.23,5370.638,5374.78,5384.838,5364.23,5370.638,5376.529,5385.789,5365.926,5372.271
2025-04-04T01:00:00.000000Z,62615,5370.408,5426.908,5369.17,5422.626,5370.408,5426.908,5369.17,5422.626,5372.133,5428.137,5370.478,5424.3
2025-04-04T05:00:00.000000Z,83853,5422.451,5441.9,5408.861,5419.726,5422.451,5441.9,5408.861,5419.726,5424.143,5443.275,5409.993,5420.853
2025-04-04T09:00:00.000000Z,143979,5419.645,5569.65,5419.146,5442.089,5419.645,5569.65,5419.146,5442.089,5420.694,5570.673,5420.328,5443.691
2025-04-04T13:00:00.000000Z,145703,5441.825,5470.776,5393.508,5441.501,5441.825,5470.776,5393.508,5441.501,5443.513,5471.702,5394.879,5443.144
2025-04-04T17:00:00.000000Z,79308,5441.519,5447.004,5406.683,5428.799,5441.519,5447.004,5406.683,5428.799,5443.234,5448.503,5408.043,5433.799
2025-04-06T21:00:00.000000Z,71571,5447.218,5483.355,5345.518,5362.893,5447.218,5483.355,5345.518,5362.893,5452.218,5488.355,5350.518,5365.1
2025-04-07T01:00:00.000000Z,94296,5362.99,5487.22,5350.792,5449.894,5362.99,5487.22,5350.792,5449.894,5365.196,5489.036,5353.753,5451.324
2025-04-07T05:00:00.000000Z,127297,5449.23,5466.896,5396.882,5448.352,5449.23,5466.896,5396.882,5448.352,5450.983,5468.596,5398.355,5449.873
2025-04-07T09:00:00.000000Z,132932,5448.442,5455.634,5382.464,5401.909,5448.442,5455.634,5382.464,5401.909,5450.107,5457.15,5383.809,5403.531
2025-04-07T13:00:00.000000Z,134997,5401.527,5422.65,5356.298,5390.334,5401.527,5422.65,5356.298,5390.334,5403.353,5423.906,5357.581,5392.018
2025-04-07T17:00:00.000000Z,84693,5390.915,5393.837,5329.958,5380.492,5390.915,5393.837,5329.958,5380.492,5392.483,5395.896,5332.081,5385.492
2025-04-07T21:00:00.000000Z,33765,5375.752,5396.487,5371.847,5385.536,5375.752,5396.487,5371.847,5385.536,5379.987,5397.965,5373.489,5386.829
2025-04-08T01:00:00.000000Z,70870,5385.536,5413.174,5340.631,5353.831,5385.536,5413.174,5340.631,5353.831,5386.926,5414.944,5342.001,5355.409
2025-04-08T05:00:00.000000Z,82386,5353.605,5381.053,5353.024,5368.124,5353.605,5381.053,5353.024,5368.124,5355.261,5382.458,5354.825,5369.889
2025-04-08T09:00:00.000000Z,83316,5368.106,5395.378,5344.362,5349.386,5368.106,5395.378,5344.362,5349.386,5369.71,5396.892,5345.486,5350.856
2025-04-08T13:00:00.000000Z,132940,5349.279,5399.411,5347.003,5372.37,5349.279,5399.411,5347.003,5372.37,5350.766,5401.228,5348.509,5373.314
2025-04-08T17:00:00.000000Z,82196,5372.37,5400.752,5354.79,5388.264,5372.37,5400.752,5354.79,5388.264,5373.508,5402.384,5356.213,5390.477
2025-04-08T21:00:00.000000Z,47798,5399.311,5431.029,5384.005,5392.858,5399.311,5431.029,5384.005,5392.858,5402.109,5432.646,5385.213,5394.431
2025-04-09T01:00:00.000000Z,104890,5392.847,5452.717,5371.108,5431.432,5392.847,5452.717,5371.108,5431.432,5394.341,5454.308,5373.08,5433.236
2025-04-09T05:00:00.000000Z,119773,5431.609,5504.455,5425.234,5472.659,5431.609,5504.455,5425.234,5472.659,5433.334,5506.423,5427.03,5474.468
2025-04-09T09:00:00.000000Z,117887,5472.561,5535.497,5453.228,5459.968,5472.561,5535.497,5453.228,5459.968,5474.432,5536.882,5454.69,5461.645
2025-04-09T13:00:00.000000Z,123729,5460.004,5556.336,5457.997,5550.679,5460.004,5556.336,5457.997,5550.679,5461.654,5557.696,5459.29,5551.924
2025-04-09T17:00:00.000000Z,133210,5550.679,5554.304,5411.016,5460.967,5550.679,5554.304,5411.016,5460.967,5551.996,5556.025,5412.319,5463.284
2025-04-09T21:00:00.000000Z,56866,5451.183,5495.033,5431.76,5486.159,5451.183,5495.033,5431.76,5486.159,5454.908,5497.134,5435.109,5487.745
2025-04-10T01:00:00.000000Z,86412,5486.159,5527.277,5462.305,5487.035,5486.159,5527.277,5462.305,5487.035,5487.781,5531.857,5464.246,5488.717
2025-04-10T05:00:00.000000Z,93044,5486.999,5502.812,5456.479,5472.144,5486.999,5502.812,5456.479,5472.144,5488.717,5504.804,5458.284,5473.901
2025-04-10T09:00:00.000000Z,101539,5472.127,5491.604,5442.483,5474.817,5472.127,5491.604,5442.483,5474.817,5473.901,5493.292,5447.483,5475.919
2025-04-10T13:00:00.000000Z,134115,5474.756,5542.848,5458.04,5515.561,5474.756,5542.848,5458.04,5515.561,5475.823,5544.594,5459.943,5517.205
2025-04-10T17:00:00.000000Z,77932,5515.832,5544.765,5490.117,5531.463,5515.832,5544.765,5490.117,5531.463,5517.283,5545.796,5491.587,5533.779
2025-04-10T21:00:00.000000Z,64274,5534.736,5584.386,5523.361,5569.026,5534.736,5584.386,5523.361,5569.026,5535.864,5586.118,5524.756,5570.616
2025-04-11T01:00:00.000000Z,101127,5568.974,5585.425,5545.49,5563.009,5568.974,5585.425,5545.49,5563.009,5570.616,5587.557,5547.053,5563.7
2025-04-11T05:00:00.000000Z,112759,5563.009,5576.266,5523.323,5534.157,5563.009,5576.266,5523.323,5534.157,5563.683,5577.939,5524.543,5536.054
2025-04-11T09:00:00.000000Z,96222,5534.348,5583.347,5524.041,5555.014,5534.348,5583.347,5524.041,5555.014,5536.098,5585.551,5525.617,5556.131
2025-04-11T13:00:00.000000Z,134641,5555.048,5607.506,5531.211,5556.433,5555.048,5607.506,5531.211,5556.433,5556.217,5608.664,5531.969,5557.96
2025-04-11T17:00:00.000000Z,62614,5556.241,5578.701,5533.931,5555.707,5556.241,5578.701,5533.931,5555.707,5557.864,5580.427,5535.763,5560.707
2025-04-13T21:00:00.000000Z,43819,5520.422,5534.682,5502.917,5511.006,5520.422,5534.682,5502.917,5511.006,5524.502,5536.858,5504.52,5512.593
2025-04-14T01:00:00.000000Z,71887,5510.971,5560.535,5496.157,5512.258,5510.971,5560.535,5496.157,5512.258,5512.541,5561.37,5498.11,5513.852
2025-04-14T05:00:00.000000Z,71452,5512.087,5525.642,5463.462,5483.745,5512.087,5525.642,5463.462,5483.745,5513.698,5527.43,5464.736,5484.917
2025-04-14T09:00:00.000000Z,73147,5483.745,5513.243,5459.545,5484.855,5483.745,5513.243,5459.545,5484.855,5485.103,5514.684,5460.479,5486.509
2025-04-14T13:00:00.000000Z,106202,5484.77,5492.898,5441.156,5469.469,5484.77,5492.898,5441.156,5469.469,5486.219,5494.417,5442.641,5470.854
2025-04-14T17:00:00.000000Z,45493,5469.486,5473.063,5441.214,5461.948,5469.486,5473.063,5441.214,5461.948,5470.854,5474.184,5442.494,5463.932
2025-04-14T21:00:00.000000Z,20933,5467.39,5479.742,5457.456,5457.806,5467.39,5479.742,5457.456,5457.806,5468.553,5481.341,5458.955,5459.086
2025-04-15T01:00:00.000000Z,51005,5458.067,5472.219,5444.629,5455.949,5458.067,5472.219,5444.629,5455.949,5459.179,5473.779,5446.065,5457.487
2025-04-15T05:00:00.000000Z,62310,5456.15,5472.925,5436.01,5464.15,5456.15,5472.925,5436.01,5464.15,5457.688,5473.866,5437.227,5465.444
2025-04-15T09:00:00.000000Z,56544,5464.15,5470.313,5413.808,5429.469,5464.15,5470.313,5413.808,5429.469,5465.529,5471.576,5414.854,5430.751
2025-04-15T13:00:00.000000Z,85805,5429.377,5454.675,5405.689,5453.333,5429.377,5454.675,5405.689,5453.333,5430.701,5456.121,5406.959,5454.602
2025-04-15T17:00:00.000000Z,35749,5453.299,5482.375,5449.256,5473.382,5453.299,5482.375,5449.256,5473.382,5454.602,5483.612,5450.133,5474.965
2025-04-15T21:00:00.000000Z,35759,5481.529,5545.695,5479.931,5536.424,5481.529,5545.695,5479.931,5536.424,5482.87,5547.303,5481.474,5537.978
2025-04-16T01:00:00.000000Z,63632,5536.458,5552.94,5517.127,5545.439,5536.458,5552.94,5517.127,5545.439,5538.072,5554.314,5518.992,5546.964
2025-04-16T05:00:00.000000Z,82938,5545.371,5611.428,5545.371,5584.652,5545.371,5611.428,5545.371,5584.652,5546.796,5612.59,5546.796,5586.157
2025-04-16T09:00:00.000000Z,73919,5584.703,5609.437,5565.819,5600.597,5584.703,5609.437,5565.819,5600.597,5586.157,5611.106,5567.248,5602.292
2025-04-16T13:00:00.000000Z,98654,5600.821,5623.817,5581.121,5613.576,5600.821,5623.817,5581.121,5613.576,5602.197,5625.124,5581.937,5615.071
2025-04-16T17:00:00.000000Z,60554,5613.633,5641.717,5610.8,5632.397,5613.633,5641.717,5610.8,5632.397,5614.977,5642.867,5612.046,5634.819
2025-04-16T21:00:00.000000Z,32868,5642.652,5661.244,5632.664,5648.841,5642.652,5661.244,5632.664,5648.841,5644.699,5662.551,5634.082,5650.458
2025-04-17T01:00:00.000000Z,68683,5648.746,5674.689,5613.192,5653.595,5648.746,5674.689,5613.192,5653.595,5650.363,5675.847,5615.077,5655.108
2025-04-17T05:00:00.000000Z,71917,5653.646,5659.045,5592.143,5609.254,5653.646,5659.045,5592.143,5609.254,5655.124,5660.326,5593.807,5610.459
2025-04-17T09:00:00.000000Z,68156,5609.254,5625.273,5579.467,5583.182,5609.254,5625.273,5579.467,5583.182,5610.554,5627.704,5581.024,5584.516
2025-04-17T13:00:00.000000Z,107249,5583.611,5593.245,5505.118,5553.93,5583.611,5593.245,5505.118,5553.93,5584.835,5594.738,5506.517,5555.279
2025-04-17T17:00:00.000000Z,37680,5554.047,5574.216,5540.68,5570.082,5554.047,5574.216,5540.68,5570.082,5555.279,5575.649,5542.307,5572.723
2025-04-20T21:00:00.000000Z,42817,5606.466,5651.138,5598.527,5650.802,5606.466,5651.138,5598.527,5650.802,5611.466,5652.368,5603.527,5652.25
2025-04-21T01:00:00.000000Z,60192,5650.97,5668.347,5622.442,5629.034,5650.97,5668.347,5622.442,5629.034,5652.25,5669.913,5623.695,5630.349
2025-04-21T05:00:00.000000Z,62669,5629.222,5658.401,5622.326,5639.496,5629.222,5658.401,5622.326,5639.496,5630.443,5659.522,5623.661,5640.747
2025-04-21T09:00:00.000000Z,67843,5639.546,5675.783,5637.755,5674.524,5639.546,5675.783,5637.755,5674.524,5640.747,5677.241,5638.996,5676.065
2025-04-21T13:00:00.000000Z,89274,5674.569,5709.763,5669.051,5689.61,5674.569,5709.763,5669.051,5689.61,5676.027,5710.723,5670.293,5690.648
2025-04-21T17:00:00.000000Z,42095,5689.61,5712.152,5680.052,5705.667,5689.61,5712.152,5680.052,5705.667,5690.815,5713.414,5681.379,5707.868
2025-04-21T21:00:00.000000Z,39601,5715.452,5740.891,5688.601,5720.14,5715.452,5740.891,5688.601,5720.14,5717.351,5742.726,5690.741,5721.671
2025-04-22T01:00:00.000000Z,67804,5720.173,5805.877,5712.245,5787.133,5720.173,5805.877,5712.245,5787.133,5721.575,5806.945,5713.726,5788.474
2025-04-22T05:00:00.000000Z,95220,5787.133,5817.556,5732.761,5735.498,5787.133,5817.556,5732.761,5735.498,5788.378,5819.231,5733.9,5736.37
2025-04-22T09:00:00.000000Z,77878,5735.581,5780.905,5713.45,5726.031,5735.581,5780.905,5713.45,5726.031,5736.487,5782.159,5714.978,5727.65
2025-04-22T13:00:00.000000Z,113841,5726.048,5758.743,5626.255,5665.44,5726.048,5758.743,5626.255,5665.44,5727.616,5760.005,5627.541,5666.752
2025-04-22T17:00:00.000000Z,65467,5665.457,5700.041,5634.764,5668.052,5665.457,5700.041,5634.764,5668.052,5666.752,5701.572,5635.986,5669.976
2025-04-22T21:00:00.000000Z,53997,5590.356,5636.901,5577.615,5628.754,5590.356,5636.901,5577.615,5628.754,5593.034,5638.641,5580.309,5629.964
2025-04-23T01:00:00.000000Z,72158,5628.66,5664.719,5576.315,5595.226,5628.66,5664.719,5576.315,5595.226,5629.87,5666.211,5577.959,5596.869
2025-04-23T05:00:00.000000Z,85413,5595.132,5599.64,5492.153,5547.331,5595.132,5599.64,5492.153,5547.331,5596.943,5601.063,5493.48,5549.045
2025-04-23T09:00:00.000000Z,68006,5547.331,5581.894,5519.554,5519.887,5547.331,5581.894,5519.554,5519.887,5548.878,5583.269,5520.898,5521.265
2025-04-23T13:00:00.000000Z,141702,5519.887,5544.955,5446.093,5528.261,5519.887,5544.955,5446.093,5528.261,5521.315,5546.566,5447.644,5529.661
2025-04-23T17:00:00.000000Z,52730,5528.278,5539.716,5499.947,5530.692,5528.278,5539.716,5499.947,5530.692,5529.661,5540.951,5501.304,5533.379
2025-04-23T21:00:00.000000Z,36157,5554.168,5615.081,5551.969,5598.839,5554.168,5615.081,5551.969,5598.839,5556.635,5616.772,5553.365,5600.179
2025-04-24T01:00:00.000000Z,70949,5598.823,5657.465,5576.987,5585.361,5598.823,5657.465,5576.987,5585.361,5600.011,5658.994,5578.588,5586.982
2025-04-24T05:00:00.000000Z,70300,5585.428,5604.125,5562.162,5582.926,5585.428,5604.125,5562.162,5582.926,5586.982,5605.59,5563.59,5584.613
2025-04-24T09:00:00.000000Z,60296,5583.187,5592.91,5562.735,5583.634,5583.187,5592.91,5562.735,5583.634,5584.951,5594.326,5563.898,5584.84
2025-04-24T13:00:00.000000Z,98928,5583.447,5584.199,5526.103,5558.071,5583.447,5584.199,5526.103,5558.071,5584.746,5585.187,5527.256,5559.267
2025-04-24T17:00:00.000000Z,40037,5558.154,5584.505,5554.658,5583.08,5558.154,5584.505,5554.658,5583.08,5559.417,5586.477,5555.93,5585.335
2025-04-24T21:00:00.000000Z,33854,5583.08,5621.321,5582.004,5609.212,5583.08,5621.321,5582.004,5609.212,5585.335,5624.164,5585.335,5610.749
2025-04-25T01:00:00.000000Z,69791,5608.962,5616.251,5542.812,5560.301,5608.962,5616.251,5542.812,5560.301,5610.415,5617.914,5544.343,5561.876
2025-04-25T05:00:00.000000Z,82271,5560.301,5564.3,5507.646,5539.333,5560.301,5564.3,5507.646,5539.333,5561.783,5566.052,5509.581,5540.625
2025-04-25T09:00:00.000000Z,65406,5539.317,5552.745,5517.45,5527.362,5539.317,5552.745,5517.45,5527.362,5540.524,5553.911,5518.506,5528.333
2025-04-25T13:00:00.000000Z,89409,5527.312,5527.799,5482.277,5506.551,5527.312,5527.799,5482.277,5506.551,5528.333,5528.828,5483.509,5508.008
2025-04-25T17:00:00.000000Z,41504,5506.551,5566.661,5499.728,5562.957,5506.551,5566.661,5499.728,5562.957,5507.907,5571.661,5500.959,5567.957
2025-04-27T21:00:00.000000Z,35823,5575.807,5584.285,5542.496,5565.22,5575.807,5584.285,5542.496,5565.22,5578.866,5586.95,5544.309,5566.79
2025-04-28T01:00:00.000000Z,45916,5565.22,5566.06,5495.575,5527.528,5565.22,5566.06,5495.575,5527.528,5566.672,5567.219,5497.413,5529.146
2025-04-28T05:00:00.000000Z,60076,5527.435,5541.105,5509.587,5527.218,5527.435,5541.105,5509.587,5527.218,5529.053,5542.738,5511.295,5528.537
2025-04-28T09:00:00.000000Z,63109,5527.125,5545.865,5498.032,5541.002,5527.125,5545.865,5498.032,5541.002,5528.63,5547.191,5499.717,5542.522
2025-04-28T13:00:00.000000Z,98903,5540.793,5598.573,5514.081,5589.424,5540.793,5598.573,5514.081,5589.424,5542.152,5600.126,5515.665,5590.834
2025-04-28T17:00:00.000000Z,40447,5589.457,5614.508,5584.736,5591.051,5589.457,5614.508,5584.736,5591.051,5591.162,5615.802,5586.429,5593.516
2025-04-28T21:00:00.000000Z,28673,5594.742,5595.962,5578.103,5584.283,5594.742,5595.962,5578.103,5584.283,5597.396,5598.045,5580.142,5586.234
2025-04-29T01:00:00.000000Z,68105,5584.377,5599.013,5554.729,5560.612,5584.377,5599.013,5554.729,5560.612,5586.234,5600.461,5556.35,5562.048
2025-04-29T05:00:00.000000Z,55487,5560.595,5570.718,5549.451,5549.881,5560.595,5570.718,5549.451,5549.881,5562.048,5572.429,5550.977,5551.694
2025-04-29T09:00:00.000000Z,57394,5550.067,5572.544,5542.733,5561.234,5550.067,5572.544,5542.733,5561.234,5551.694,5573.997,5543.698,5562.954
2025-04-29T13:00:00.000000Z,83409,5560.879,5602.598,5556.609,5601.049,5560.879,5602.598,5556.609,5601.049,5562.432,5603.956,5558.204,5602.475
2025-04-29T17:00:00.000000Z,33271,5601.144,5602.089,5574.227,5592.961,5601.144,5602.089,5574.227,5592.961,5602.569,5603.491,5575.84,5595.153
2025-04-29T21:00:00.000000Z,22139,5589.54,5605.754,5576.912,5587.55,5589.54,5605.754,5576.912,5587.55,5594.536,5606.809,5578.747,5588.794
2025-04-30T01:00:00.000000Z,51487,5587.533,5602.428,5561.238,5574.476,5587.533,5602.428,5561.238,5574.476,5588.811,5604.121,5563.049,5575.491
2025-04-30T05:00:00.000000Z,58982,5574.382,5597.639,5540.914,5548.281,5574.382,5597.639,5540.914,5548.281,5575.585,5598.908,5542.575,5549.772
2025-04-30T09:00:00.000000Z,74661,5548.281,5591.49,5520.015,5580.2,5548.281,5591.49,5520.015,5580.2,5549.679,5593.037,5521.158,5581.751
2025-04-30T13:00:00.000000Z,103213,5580.064,5618.586,5553.126,5581.414,5580.064,5618.586,5553.126,5581.414,5581.751,5620.176,5553.973,5582.634
2025-04-30T17:00:00.000000Z,46187,5581.481,5584.722,5530.042,5540.453,5581.481,5584.722,5530.042,5540.453,5582.87,5585.986,5532.063,5542.355
2025-04-30T21:00:00.000000Z,34399,5532.949,5537.849,5453.195,5460.56,5532.949,5537.849,5453.195,5460.56,5534.468,5540.596,5455.696,5462.7
2025-05-01T01:00:00.000000Z,44671,5460.492,5474.059,5419.544,5430.107,5460.492,5474.059,5419.544,5430.107,5462.7,5476.166,5421.344,5431.708
2025-05-01T05:00:00.000000Z,53716,5430.015,5468.524,5425.632,5456.773,5430.015,5468.524,5425.632,5456.773,5431.708,5469.691,5427.358,5458.116
2025-05-01T09:00:00.000000Z,70133,5456.621,5458.298,5404.954,5452.892,5456.621,5458.298,5404.954,5452.892,5457.948,5460.028,5406.629,5454.125
2025-05-01T13:00:00.000000Z,90571,5452.943,5466.554,5429.68,5453.457,5452.943,5466.554,5429.68,5453.457,5454.403,5467.901,5430.784,5454.929
2025-05-01T17:00:00.000000Z,36925,5453.457,5485.141,5439.944,5481.841,5453.457,5485.141,5439.944,5481.841,5455.03,5486.353,5441.045,5484.093
2025-05-01T21:00:00.000000Z,26677,5482.995,5490.536,5448.596,5453.638,5482.995,5490.536,5448.596,5453.638,5485.229,5492.255,5450.452,5454.914
2025-05-02T01:00:00.000000Z,52393,5453.592,5493.945,5453.101,5480.908,5453.592,5493.945,5453.101,5480.908,5454.841,5495.508,5454.4,5482.748
2025-05-02T05:00:00.000000Z,51635,5480.621,5511.81,5469.601,5498.471,5480.621,5511.81,5469.601,5498.471,5482.31,5513.41,5470.96,5499.841
2025-05-02T09:00:00.000000Z,68537,5498.378,5506.648,5461.658,5461.883,5498.378,5506.648,5461.658,5461.883,5499.841,5508.094,5462.822,5463.357
2025-05-02T13:00:00.000000Z,106059,5461.9,5469.665,5413.342,5417.977,5461.9,5469.665,5413.342,5417.977,5463.265,5470.826,5414.54,5419.593
2025-05-02T17:00:00.000000Z,39825,5418.112,5450.445,5416.84,5448.717,5418.112,5450.445,5416.84,5448.717,5419.677,5454.957,5418.225,5453.717
2025-05-04T21:00:00.000000Z,23231,5444.42,5464.333,5435.964,5457.106,5444.42,5464.333,5435.964,5457.106,5447.836,5465.775,5437.778,5458.489
2025-05-05T01:00:00.000000Z,41806,5457.174,5471.892,5446.908,5450.236,5457.174,5471.892,5446.908,5450.236,5458.505,5473.593,5448.652,5451.765
2025-05-05T05:00:00.000000Z,52569,5450.203,5498.413,5436.22,5497.844,5450.203,5498.413,5436.22,5497.844,5451.699,5499.911,5437.963,5499.459
2025-05-05T09:00:00.000000Z,63683,5497.844,5547.222,5494.777,5539.901,5497.844,5547.222,5494.777,5539.901,5499.367,5548.955,5495.638,5541.363
2025-05-05T13:00:00.000000Z,72473,5539.851,5565.32,5529.735,5548.813,5539.851,5565.32,5529.735,5548.813,5541.347,5566.838,5531.132,5550.407
2025-05-05T17:00:00.000000Z,33959,5548.813,5592.062,5548.1,5586.72,5548.813,5592.062,5548.1,5586.72,5550.239,5593.657,5549.676,5588.566
2025-05-05T21:00:00.000000Z,20155,5586.074,5599.357,5576.016,5596.664,5586.074,5599.357,5576.016,5596.664,5588.326,5600.64,5577.718,5598.407
2025-05-06T01:00:00.000000Z,69749,5596.758,5680.985,5596.738,5621.508,5596.758,5680.985,5596.738,5621.508,5598.474,5682.69,5598.474,5623.069
2025-05-06T05:00:00.000000Z,58480,5621.542,5649.125,5604.997,5648.111,5621.542,5649.125,5604.997,5648.111,5623.119,5650.669,5606.995,5649.334
2025-05-06T09:00:00.000000Z,60619,5648.278,5669.068,5636.849,5662.062,5648.278,5669.068,5636.849,5662.062,5649.384,5670.489,5638.206,5663.546
2025-05-06T13:00:00.000000Z,85612,5662.412,5682.093,5633.631,5680.931,5662.412,5682.093,5633.631,5680.931,5663.846,5683.286,5635.046,5682.436
2025-05-06T17:00:00.000000Z,43328,5680.931,5716.376,5674.975,5710.598,5680.931,5716.376,5674.975,5710.598,5682.341,5718.085,5676.15,5712.504
2025-05-06T21:00:00.000000Z,65515,5682.905,5689.802,5590.653,5617.346,5682.905,5689.802,5590.653,5617.346,5686.464,5693.01,5592.438,5619.077
2025-05-07T01:00:00.000000Z,68713,5616.698,5657.774,5597.378,5635.944,5616.698,5657.774,5597.378,5635.944,5618.446,5659.723,5599.333,5637.68
2025-05-07T05:00:00.000000Z,57806,5635.944,5662.257,5629.619,5643.879,5635.944,5662.257,5629.619,5643.879,5637.774,5663.623,5631.205,5645.416
2025-05-07T09:00:00.000000Z,59241,5643.879,5669.171,5629.632,5666.849,5643.879,5669.171,5629.632,5666.849,5645.255,5670.662,5631.087,5668.223
2025-05-07T13:00:00.000000Z,73373,5666.866,5680.385,5643.641,5667.753,5666.866,5680.385,5643.641,5667.753,5668.223,5681.686,5645.605,5669.429
2025-05-07T17:00:00.000000Z,61536,5667.564,5690.896,5659.5,5662.218,5667.564,5690.896,5659.5,5662.218,5669.334,5692.692,5660.587,5664.966
2025-05-07T21:00:00.000000Z,21592,5676.616,5697.219,5665.068,5681.773,5676.616,5697.219,5665.068,5681.773,5679.552,5698.419,5667.087,5683.505
2025-05-08T01:00:00.000000Z,62143,5681.941,5724.29,5665.884,5666.945,5681.941,5724.29,5665.884,5666.945,5683.623,5725.614,5667.555,5668.064
2025-05-08T05:00:00.000000Z,77416,5667.113,5670.967,5597.184,5639.638,5667.113,5670.967,5597.184,5639.638,5668.159,5673.034,5598.557,5641.193
2025-05-08T09:00:00.000000Z,61457,5639.571,5661.494,5624.26,5658.737,5639.571,5661.494,5624.26,5658.737,5641.126,5663.319,5625.527,5660.179
2025-05-08T13:00:00.000000Z,88960,5658.754,5677.396,5589.276,5596.663,5658.754,5677.396,5589.276,5596.663,5660.179,5678.85,5590.645,5598.548
2025-05-08T17:00:00.000000Z,40370,5596.568,5606.878,5572.151,5596.73,5596.568,5606.878,5572.151,5596.73,5598.548,5607.868,5573.754,5599.511
2025-05-08T21:00:00.000000Z,25026,5605.028,5639.42,5605.028,5637.384,5605.028,5639.42,5605.028,5637.384,5607.183,5640.793,5607.183,5638.989
2025-05-09T01:00:00.000000Z,65728,5637.384,5640.277,5574.73,5636.027,5637.384,5640.277,5574.73,5636.027,5638.972,5641.919,5576.048,5637.738
2025-05-09T05:00:00.000000Z,58955,5636.122,5651.618,5619.068,5641.245,5636.122,5651.618,5619.068,5641.245,5637.738,5653.133,5620.484,5642.573
2025-05-09T09:00:00.000000Z,51473,5641.15,5663.683,5636.142,5650.971,5641.15,5663.683,5636.142,5650.971,5642.573,5665.419,5637.457,5652.124
2025-05-09T13:00:00.000000Z,79107,5651.067,5660.088,5614.807,5642.912,5651.067,5660.088,5614.807,5642.912,5652.124,5661.635,5616.159,5644.311
2025-05-09T17:00:00.000000Z,35386,5642.906,5649.489,5622.772,5624.593,5642.906,5649.489,5622.772,5624.593,5644.311,5650.894,5625.741,5629.593
2025-05-11T21:00:00.000000Z,46612,5571.201,5585.45,5516.918,5536.54,5571.201,5585.45,5516.918,5536.54,5576.201,5590.45,5519.45,5538.266
2025-05-12T01:00:00.000000Z,64198,5536.54,5539.83,5500.412,5532.006,5536.54,5539.83,5500.412,5532.006,5537.928,5541.481,5502.044,5533.302
2025-05-12T05:00:00.000000Z,98703,5531.751,5535.542,5461.108,5486.07,5531.751,5535.542,5461.108,5486.07,5533.368,5537.099,5462.844,5487.453
2025-05-12T09:00:00.000000Z,83489,5486.366,5504.903,5456.789,5501.404,5486.366,5504.903,5456.789,5501.404,5487.58,5506.485,5458.404,5502.602
2025-05-12T13:00:00.000000Z,97798,5501.524,5532.759,5487.892,5506.415,5501.524,5532.759,5487.892,5506.415,5502.739,5534.216,5489.182,5507.813
2025-05-12T17:00:00.000000Z,43135,5506.834,5527.636,5502.821,5524.776,5506.834,5527.636,5502.821,5524.776,5508.308,5529.195,5504.295,5526.336
2025-05-12T21:00:00.000000Z,21382,5528.006,5535.903,5514.602,5535.113,5528.006,5535.903,5514.602,5535.113,5530.268,5537.373,5516.692,5536.476
2025-05-13T01:00:00.000000Z,59293,5535.113,5540.806,5494.969,5522.312,5535.113,5540.806,5494.969,5522.312,5536.468,5542.421,5496.614,5523.442
2025-05-13T05:00:00.000000Z,59965,5522.312,5538.14,5515.536,5525.727,5522.312,5538.14,5515.536,5525.727,5523.68,5539.747,5517.21,5527.493
2025-05-13T09:00:00.000000Z,59489,5525.727,5527.985,5480.706,5481.861,5525.727,5527.985,5480.706,5481.861,5527.331,5529.215,5482.153,5483.368
2025-05-13T13:00:00.000000Z,85416,5481.557,5489.797,5462.568,5476.22,5481.557,5489.797,5462.568,5476.22,5483.291,5491.22,5463.906,5477.445
2025-05-13T17:00:00.000000Z,29473,5475.959,5478.144,5461.297,5472.447,5475.959,5478.144,5461.297,5472.447,5477.395,5479.444,5462.595,5474.292
2025-05-13T21:00:00.000000Z,20557,5473.771,5485.219,5454.194,5456.618,5473.771,5485.219,5454.194,5456.618,5476.205,5487.133,5455.854,5458.529
2025-05-14T01:00:00.000000Z,60729,5456.618,5469.395,5419.871,5426.231,5456.618,5469.395,5419.871,5426.231,5458.562,5470.721,5421.589,5427.555
2025-05-14T05:00:00.000000Z,66846,5426.197,5455.056,5415.427,5423.332,5426.197,5455.056,5415.427,5423.332,5427.555,5456.802,5417.039,5424.853
2025-05-14T09:00:00.000000Z,73988,5423.365,5447.712,5357.626,5358.478,5423.365,5447.712,5357.626,5358.478,5424.685,5449.138,5358.945,5360.032
2025-05-14T13:00:00.000000Z,100738,5358.893,5401.444,5347.21,5398.142,5358.893,5401.444,5347.21,5398.142,5360.588,5402.963,5348.343,5399.427
2025-05-14T17:00:00.000000Z,39187,5398.074,5399.168,5374.459,5386.439,5398.074,5399.168,5374.459,5386.439,5399.349,5400.791,5376.039,5388.269
2025-05-14T21:00:00.000000Z,20534,5390.362,5407.472,5387.905,5403.259,5390.362,5407.472,5387.905,5403.259,5392.819,5409.146,5390.242,5404.932
2025-05-15T01:00:00.000000Z,55692,5403.259,5406.598,5319.729,5325.734,5403.259,5406.598,5319.729,5325.734,5404.864,5408.247,5321.092,5327.057
2025-05-15T05:00:00.000000Z,71086,5325.824,5371.443,5293.727,5367.021,5325.824,5371.443,5293.727,5367.021,5327.148,5372.737,5295.174,5368.76
2025-05-15T09:00:00.000000Z,67388,5367.004,5423.271,5363.376,5420.326,5367.004,5423.271,5363.376,5420.326,5368.669,5427.137,5364.961,5421.724
2025-05-15T13:00:00.000000Z,99114,5420.418,5490.723,5412.355,5487.169,5420.418,5490.723,5412.355,5487.169,5421.952,5492.169,5414.103,5488.461
2025-05-15T17:00:00.000000Z,32914,5487.297,5512.984,5480.126,5510.684,5487.297,5512.984,5480.126,5510.684,5488.478,5515.222,5481.716,5512.99
2025-05-15T21:00:00.000000Z,27677,5516.254,5534.203,5500.554,5526.519,5516.254,5534.203,5500.554,5526.519,5518.619,5535.67,5502.05,5528.359
2025-05-16T01:00:00.000000Z,54763,5526.69,5529.076,5434.921,5451.919,5526.69,5529.076,5434.921,5451.919,5528.359,5530.916,5436.367,5453.569
2025-05-16T05:00:00.000000Z,54939,5451.919,5467.4,5407.315,5427.885,5451.919,5467.4,5407.315,5427.885,5453.477,5468.738,5409.019,5429.262
2025-05-16T09:00:00.000000Z,63141,5427.967,5439.949,5346.44,5388.188,5427.967,5439.949,5346.44,5388.188,5429.354,5441.405,5348.04,5389.477
2025-05-16T13:00:00.000000Z,69623,5388.096,5428.965,5375.657,5428.155,5388.096,5428.965,5375.657,5428.155,5389.477,5430.269,5376.828,5429.352
2025-05-16T17:00:00.000000Z,34087,5428.155,5448.049,5417.355,5446.097,5428.155,5448.049,5417.355,5446.097,5429.369,5452.131,5418.859,5448.766
2025-05-18T21:00:00.000000Z,32641,5465.13,5520.164,5454.746,5508.485,5465.13,5520.164,5454.746,5508.485,5468.787,5521.625,5457.75,5510.403
2025-05-19T01:00:00.000000Z,49496,5508.485,5509.07,5444.949,5463.775,5508.485,5509.07,5444.949,5463.775,5510.233,5510.988,5446.626,5465.065
2025-05-19T05:00:00.000000Z,55803,5463.682,5501.017,5461.783,5498.754,5463.682,5501.017,5461.783,5498.754,5465.065,5502.646,5463.393,5500.483
2025-05-19T09:00:00.000000Z,52399,5499.169,5503.593,5466.458,5467.135,5499.169,5503.593,5466.458,5467.135,5500.899,5505.136,5467.965,5468.786
2025-05-19T13:00:00.000000Z,77072,5467.474,5485.015,5437.702,5454.836,5467.474,5485.015,5437.702,5454.836,5469.116,5486.699,5438.904,5456.348
2025-05-19T17:00:00.000000Z,29644,5454.735,5464.621,5442.218,5445.064,5454.735,5464.621,5442.218,5445.064,5456.348,5466.15,5443.761,5447.428
2025-05-19T21:00:00.000000Z,19185,5443.81,5445.493,5423.159,5440.821,5443.81,5445.493,5423.159,5440.821,5445.999,5447.849,5424.584,5442.291
2025-05-20T01:00:00.000000Z,49691,5440.821,5457.745,5413.256,5434.119,5440.821,5457.745,5413.256,5434.119,5441.794,5459.188,5414.572,5435.865
2025-05-20T05:00:00.000000Z,55406,5434.211,5466.523,5413.747,5466.277,5434.211,5466.523,5413.747,5466.277,5435.865,5468.348,5415.355,5467.918
2025-05-20T09:00:00.000000Z,53140,5466.311,5508.804,5455.14,5494.713,5466.311,5508.804,5455.14,5494.713,5467.918,5510.297,5456.804,5496.111
2025-05-20T13:00:00.000000Z,85021,5494.62,5563.245,5474.79,5540.124,5494.62,5563.245,5474.79,5540.124,5496.111,5564.842,5476.391,5541.505
2025-05-20T17:00:00.000000Z,35429,5540.124,5565.415,5539.033,5550.933,5540.124,5565.415,5539.033,5550.933,5541.488,5567.247,5540.46,5553.071
2025-05-20T21:00:00.000000Z,25272,5555.152,5577.204,5547.795,5561.784,5555.152,5577.204,5547.795,5561.784,5556.981,5578.519,5549.408,5563.705
2025-05-21T01:00:00.000000Z,54189,5561.784,5578.925,5535.307,5549.699,5561.784,5578.925,5535.307,5549.699,5563.537,5580.303,5536.964,5551.058
2025-05-21T05:00:00.000000Z,57575,5549.699,5586.384,5541.947,5580.069,5549.699,5586.384,5541.947,5580.069,5551.0,5588.138,5543.72,5581.181
2025-05-21T09:00:00.000000Z,61499,5580.238,5589.818,5536.571,5558.198,5580.238,5589.818,5536.571,5558.198,5581.418,5591.292,5538.059,5559.05
2025-05-21T13:00:00.000000Z,82538,5558.283,5567.762,5537.109,5538.278,5558.283,5567.762,5537.109,5538.278,5559.202,5569.313,5538.78,5539.906
2025-05-21T17:00:00.000000Z,51445,5538.262,5594.698,5537.917,5580.901,5538.262,5594.698,5537.917,5580.901,5539.873,5595.925,5539.426,5583.011
2025-05-21T21:00:00.000000Z,25396,5592.323,5605.178,5586.371,5600.408,5592.323,5605.178,5586.371,5600.408,5594.679,5606.611,5587.693,5602.043
2025-05-22T01:00:00.000000Z,61915,5600.408,5642.428,5596.394,5627.223,5600.408,5642.428,5596.394,5627.223,5602.06,5643.719,5598.039,5628.881
2025-05-22T05:00:00.000000Z,67530,5627.318,5636.036,5583.386,5593.284,5627.318,5636.036,5583.386,5593.284,5628.881,5637.54,5584.724,5594.695
2025-05-22T09:00:00.000000Z,83866,5593.284,5612.081,5563.145,5591.566,5593.284,5612.081,5563.145,5591.566,5594.789,5613.841,5564.791,5592.695
2025-05-22T13:00:00.000000Z,102792,5591.624,5614.223,5558.182,5592.642,5591.624,5614.223,5558.182,5592.642,5593.033,5615.442,5559.305,5594.164
2025-05-22T17:00:00.000000Z,40253,5592.815,5593.885,5573.327,5585.459,5592.815,5593.885,5573.327,5585.459,5594.353,5595.17,5574.926,5586.863
2025-05-22T21:00:00.000000Z,24347,5589.677,5606.084,5569.217,5590.039,5589.677,5606.084,5569.217,5590.039,5591.695,5607.465,5570.629,5591.348
2025-05-23T01:00:00.000000Z,47012,5589.775,5602.677,5567.499,5600.497,5589.775,5602.677,5567.499,5600.497,5590.687,5604.275,5568.714,5601.842
2025-05-23T05:00:00.000000Z,53907,5600.514,5631.625,5592.508,5596.197,5600.514,5631.625,5592.508,5596.197,5601.842,5633.008,5594.014,5597.45
2025-05-23T09:00:00.000000Z,83489,5596.291,5642.491,5569.315,5630.639,5596.291,5642.491,5569.315,5630.639,5597.45,5644.154,5570.488,5632.099
2025-05-23T13:00:00.000000Z,96676,5631.176,5643.112,5603.062,5614.477,5631.176,5643.112,5603.062,5614.477,5632.636,5644.594,5604.618,5615.944
2025-05-23T17:00:00.000000Z,44063,5614.477,5623.264,5604.987,5607.837,5614.477,5623.264,5604.987,5607.837,5615.85,5624.622,5607.756,5612.188
2025-05-25T21:00:00.000000Z,30494,5597.345,5598.781,5556.037,5573.574,5597.345,5598.781,5556.037,5573.574,5599.892,5601.216,5557.828,5575.204
2025-05-26T01:00:00.000000Z,46938,5573.667,5577.446,5547.739,5561.533,5573.667,5577.446,5547.739,5561.533,5575.204,5579.085,5549.536,5562.977
2025-05-26T05:00:00.000000Z,47251,5561.441,5567.854,5532.903,5540.428,5561.441,5567.854,5532.903,5540.428,5562.885,5569.48,5534.502,5542.064
2025-05-26T09:00:00.000000Z,31872,5540.336,5548.024,5526.893,5546.66,5540.336,5548.024,5526.893,5546.66,5541.972,5549.277,5528.598,5548.471
2025-05-26T13:00:00.000000Z,31636,5546.992,5567.987,5541.517,5565.776,5546.992,5567.987,5541.517,5565.776,5548.637,5569.884,5543.068,5567.756
2025-05-26T17:00:00.000000Z,5508,5565.683,5570.477,5563.449,5568.594,5565.683,5570.477,5563.449,5568.594,5567.663,5572.439,5565.146,5570.149
2025-05-26T21:00:00.000000Z,19387,5574.805,5585.872,5566.821,5571.215,5574.805,5585.872,5566.821,5571.215,5576.443,5587.162,5568.209,5572.391
2025-05-27T01:00:00.000000Z,41910,5571.348,5590.056,5554.609,5570.238,5571.348,5590.056,5554.609,5570.238,5572.558,5591.731,5556.002,5571.907
2025-05-27T05:00:00.000000Z,70433,5570.288,5574.018,5518.578,5535.214,5570.288,5574.018,5518.578,5535.214,5571.847,5575.587,5520.291,5536.497
2025-05-27T09:00:00.000000Z,63426,5535.214,5547.321,5517.027,5517.991,5535.214,5547.321,5517.027,5517.991,5536.429,5548.529,5518.317,5519.893
2025-05-27T13:00:00.000000Z,76250,5517.991,5554.627,5516.523,5544.021,5517.991,5554.627,5516.523,5544.021,5519.826,5555.987,5518.048,5545.204
2025-05-27T17:00:00.000000Z,27200,5544.021,5559.748,5541.118,5548.763,5544.021,5559.748,5541.118,5548.763,5545.221,5560.814,5542.495,5550.513
2025-05-27T21:00:00.000000Z,15669,5552.967,5575.793,5543.339,5564.517,5552.967,5575.793,5543.339,5564.517,5555.24,5577.299,5544.481,5565.92
2025-05-28T01:00:00.000000Z,51570,5564.382,5575.793,5512.872,5541.253,5564.382,5575.793,5512.872,5541.253,5565.845,5577.342,5514.202,5542.614
2025-05-28T05:00:00.000000Z,58092,5541.346,5568.949,5538.269,5559.017,5541.346,5568.949,5538.269,5559.017,5542.707,5570.222,5539.66,5560.105
2025-05-28T09:00:00.000000Z,47122,5558.924,5569.971,5542.609,5560.741,5558.924,5569.971,5542.609,5560.741,5560.105,5571.23,5543.968,5562.152
2025-05-28T13:00:00.000000Z,79230,5560.825,5567.194,5520.62,5528.308,5560.825,5567.194,5520.62,5528.308,5562.152,5568.914,5521.852,5529.861
2025-05-28T17:00:00.000000Z,39612,5528.418,5542.128,5490.301,5508.902,5528.418,5542.128,5490.301,5508.902,5529.877,5543.248,5493.526,5512.161
2025-05-28T21:00:00.000000Z,51736,5511.761,5520.483,5459.092,5483.269,5511.761,5520.483,5459.092,5483.269,5514.501,5523.851,5460.694,5484.853
2025-05-29T01:00:00.000000Z,65250,5483.437,5524.548,5458.526,5500.654,5483.437,5524.548,5458.526,5500.654,5484.945,5526.002,5460.04,5502.165
2025-05-29T05:00:00.000000Z,53203,5500.704,5519.888,5490.708,5505.366,5500.704,5519.888,5490.708,5505.366,5502.333,5521.289,5492.182,5506.706
2025-05-29T09:00:00.000000Z,61297,5505.357,5544.774,5492.191,5537.702,5505.357,5544.774,5492.191,5537.702,5506.589,5547.459,5493.411,5539.082
2025-05-29T13:00:00.000000Z,84557,5537.702,5566.46,5527.52,5553.542,5537.702,5566.46,5527.52,5553.542,5539.158,5567.435,5528.75,5554.764
2025-05-29T17:00:00.000000Z,38470,5553.182,5558.468,5544.195,5557.014,5553.182,5558.468,5544.195,5557.014,5554.47,5560.298,5545.467,5559.622
2025-05-29T21:00:00.000000Z,21766,5556.297,5556.39,5533.783,5535.988,5556.297,5556.39,5533.783,5535.988,5558.201,5558.201,5535.423,5537.554
2025-05-30T01:00:00.000000Z,50283,5536.199,5551.861,5513.607,5520.556,5536.199,5551.861,5513.607,5520.556,5537.737,5553.222,5514.996,5521.568
2025-05-30T05:00:00.000000Z,50711,5520.296,5537.761,5508.736,5537.215,5520.296,5537.761,5508.736,5537.215,5521.418,5539.061,5510.461,5538.431
2025-05-30T09:00:00.000000Z,57540,5537.164,5546.793,5505.85,5542.737,5537.164,5546.793,5505.85,5542.737,5538.398,5548.614,5506.964,5544.138
2025-05-30T13:00:00.000000Z,91214,5542.737,5550.48,5486.697,5522.789,5542.737,5550.48,5486.697,5522.789,5544.214,5552.201,5488.103,5524.39
2025-05-30T17:00:00.000000Z,37176,5522.882,5524.19,5506.079,5512.935,5522.882,5524.19,5506.079,5512.935,5524.49,5525.605,5507.543,5517.074
2025-06-01T21:00:00.000000Z,28811,5531.355,5548.516,5517.309,5524.43,5531.355,5548.516,5517.309,5524.43,5533.349,5550.301,5518.714,5526.194
2025-06-02T01:00:00.000000Z,46133,5524.555,5533.518,5501.861,5526.715,5524.555,5533.518,5501.861,5526.715,5526.277,5534.798,5503.287,5528.187
2025-06-02T05:00:00.000000Z,57622,5526.749,5580.584,5525.706,5572.643,5526.749,5580.584,5525.706,5572.643,5528.094,5581.961,5526.941,5573.666
2025-06-02T09:00:00.000000Z,61223,5572.55,5587.386,5553.558,5574.006,5572.55,5587.386,5553.558,5574.006,5573.632,5588.679,5554.876,5575.368
2025-06-02T13:00:00.000000Z,88975,5574.215,5613.108,5573.628,5596.901,5574.215,5613.108,5573.628,5596.901,5575.751,5614.58,5574.888,5598.457
2025-06-02T17:00:00.000000Z,40280,5596.901,5604.366,5590.913,5601.019,5596.901,5604.366,5590.913,5601.019,5598.44,5605.57,5592.485,5603.146
2025-06-02T21:00:00.000000Z,23862,5609.706,5617.594,5575.662,5577.661,5609.706,5617.594,5575.662,5577.661,5611.632,5619.33,5577.249,5578.958
2025-06-03T01:00:00.000000Z,58620,5577.81,5609.612,5567.551,5590.589,5577.81,5609.612,5567.551,5590.589,5578.974,5610.981,5569.232,5591.903
2025-06-03T05:00:00.000000Z,56864,5590.496,5613.287,5584.092,5602.697,5590.496,5613.287,5584.092,5602.697,5591.903,5614.572,5585.59,5604.081
2025-06-03T09:00:00.000000Z,50883,5602.791,5610.441,5584.74,5603.65,5602.791,5610.441,5584.74,5603.65,5604.081,5611.705,5586.295,5605.065
2025-06-03T13:00:00.000000Z,78351,5603.48,5604.713,5556.392,5581.091,5603.48,5604.713,5556.392,5581.091,5605.065,5606.187,5557.671,5582.41
2025-06-03T17:00:00.000000Z,26039,5581.098,5590.565,5577.486,5589.924,5581.098,5590.565,5577.486,5589.924,5582.258,5592.456,5579.082,5592.03
2025-06-03T21:00:00.000000Z,21195,5592.991,5599.26,5578.793,5581.004,5592.991,5599.26,5578.793,5581.004,5594.994,5601.213,5580.357,5582.639
2025-06-04T01:00:00.000000Z,49835,5581.19,5614.416,5578.273,5593.927,5581.19,5614.416,5578.273,5593.927,5582.546,5616.105,5579.885,5595.537
2025-06-04T05:00:00.000000Z,53577,5593.91,5598.681,5581.577,5591.582,5593.91,5598.681,5581.577,5591.582,5595.444,5600.027,5583.224,5593.003
2025-06-04T09:00:00.000000Z,59448,5591.582,5595.757,5557.022,5576.549,5591.582,5595.757,5557.022,5576.549,5593.036,5596.953,5558.284,5577.693
2025-06-04T13:00:00.000000Z,79565,5576.533,5609.656,5565.08,5590.02,5576.533,5609.656,5565.08,5590.02,5577.693,5611.099,5566.468,5591.07
2025-06-04T17:00:00.000000Z,30491,5590.02,5602.149,5588.041,5594.56,5590.02,5602.149,5588.041,5594.56,5591.054,5603.375,5589.233,5596.815
2025-06-04T21:00:00.000000Z,21205,5598.615,5607.048,5587.114,5599.806,5598.615,5607.048,5587.114,5599.806,5600.187,5608.299,5588.754,5601.307
2025-06-05T01:00:00.000000Z,48507,5599.823,5601.428,5580.82,5584.02,5599.823,5601.428,5580.82,5584.02,5601.231,5602.905,5582.32,5585.22
2025-06-05T05:00:00.000000Z,49598,5583.944,5591.912,5573.297,5587.095,5583.944,5591.912,5573.297,5587.095,5585.32,5593.192,5574.333,5588.529
2025-06-05T09:00:00.000000Z,80187,5587.112,5625.507,5577.208,5586.957,5587.112,5625.507,5577.208,5586.957,5588.529,5626.617,5578.543,5588.411
2025-06-05T13:00:00.000000Z,121068,5586.93,5587.869,5525.957,5549.367,5586.93,5587.869,5525.957,5549.367,5588.411,5589.515,5527.289,5550.565
2025-06-05T17:00:00.000000Z,46037,5549.449,5565.105,5540.897,5553.921,5549.449,5565.105,5540.897,5553.921,5550.565,5566.334,5542.021,5556.169
2025-06-05T21:00:00.000000Z,22042,5560.119,5570.16,5551.205,5558.07,5560.119,5570.16,5551.205,5558.07,5561.756,5571.815,5552.861,5559.476
2025-06-06T01:00:00.000000Z,49142,5558.261,5580.907,5553.738,5577.42,5558.261,5580.907,5553.738,5577.42,5559.575,5582.267,5555.378,5578.61
2025-06-06T05:00:00.000000Z,57646,5577.42,5587.885,5546.772,5584.254,5577.42,5587.885,5546.772,5584.254,5578.511,5589.019,5547.988,5585.271
2025-06-06T09:00:00.000000Z,62575,5584.27,5586.653,5549.419,5564.922,5584.27,5586.653,5549.419,5564.922,5585.364,5587.921,5550.694,5566.532
2025-06-06T13:00:00.000000Z,108915,5564.922,5581.053,5505.497,5527.947,5564.922,5581.053,5505.497,5527.947,5566.684,5582.162,5506.788,5529.29
2025-06-06T17:00:00.000000Z,36195,5527.947,5531.59,5492.586,5499.57,5527.947,5531.59,5492.586,5499.57,5529.198,5533.067,5493.711,5503.838
2025-06-08T21:00:00.000000Z,28517,5511.899,5516.406,5479.839,5492.442,5511.899,5516.406,5479.839,5492.442,5514.147,5518.472,5481.229,5493.89
2025-06-09T01:00:00.000000Z,49391,5492.442,5493.834,5457.36,5485.54,5492.442,5493.834,5457.36,5485.54,5493.907,5495.398,5458.911,5487.035
2025-06-09T05:00:00.000000Z,54306,5485.556,5502.2,5478.019,5479.377,5485.556,5502.2,5478.019,5479.377,5487.052,5503.347,5479.214,5480.53
2025-06-09T09:00:00.000000Z,49525,5479.22,5496.939,5469.898,5495.706,5479.22,5496.939,5469.898,5495.706,5480.86,5498.045,5471.186,5496.861
2025-06-09T13:00:00.000000Z,68689,5495.581,5514.698,5482.555,5514.483,5495.581,5514.698,5482.555,5514.483,5496.688,5516.043,5483.595,5515.713
2025-06-09T17:00:00.000000Z,29463,5514.483,5515.161,5494.301,5498.067,5514.483,5515.161,5494.301,5498.067,5515.779,5516.382,5495.299,5500.421
2025-06-09T21:00:00.000000Z,22966,5495.876,5499.869,5475.045,5478.131,5495.876,5499.869,5475.045,5478.131,5498.287,5501.768,5476.108,5479.294
2025-06-10T01:00:00.000000Z,54541,5478.147,5485.844,5459.4,5466.636,5478.147,5485.844,5459.4,5466.636,5479.384,5487.167,5460.767,5468.094
2025-06-10T05:00:00.000000Z,69007,5466.726,5523.545,5465.71,5507.644,5466.726,5523.545,5465.71,5507.644,5468.004,5524.867,5466.939,5508.916
2025-06-10T09:00:00.000000Z,53175,5507.752,5522.442,5499.918,5517.984,5507.752,5522.442,5499.918,5517.984,5508.916,5523.754,5501.371,5519.364
2025-06-10T13:00:00.000000Z,73936,5518.076,5529.058,5492.696,5495.641,5518.076,5529.058,5492.696,5495.641,5519.447,5530.081,5494.183,5497.07
2025-06-10T17:00:00.000000Z,34005,5495.591,5513.685,5488.7,5489.575,5495.591,5513.685,5488.7,5489.575,5497.053,5514.906,5490.061,5491.489
2025-06-10T21:00:00.000000Z,26160,5488.436,5512.506,5474.332,5509.955,5488.436,5512.506,5474.332,5509.955,5490.424,5513.868,5476.118,5511.07
2025-06-11T01:00:00.000000Z,41405,5509.889,5541.161,5506.052,5537.955,5509.889,5541.161,5506.052,5537.955,5511.161,5542.497,5507.679,5539.411
2025-06-11T05:00:00.000000Z,46790,5538.046,5548.392,5523.932,5543.339,5538.046,5548.392,5523.932,5543.339,5539.411,5549.807,5525.372,5544.448
2025-06-11T09:00:00.000000Z,64218,5543.339,5545.384,5504.378,5512.872,5543.339,5545.384,5504.378,5512.872,5544.431,5546.969,5505.954,5514.308
2025-06-11T13:00:00.000000Z,75906,5512.971,5534.567,5507.552,5510.808,5512.971,5534.567,5507.552,5510.808,5514.383,5535.915,5508.832,5512.071
2025-06-11T17:00:00.000000Z,46322,5510.824,5564.659,5491.711,5564.213,5510.824,5564.659,5491.711,5564.213,5512.163,5567.066,5492.922,5567.066
2025-06-11T21:00:00.000000Z,34218,5567.259,5587.444,5562.354,5578.894,5567.259,5587.444,5562.354,5578.894,5569.626,5588.749,5563.822,5580.189
2025-06-12T01:00:00.000000Z,55001,5578.944,5610.521,5573.386,5585.765,5578.944,5610.521,5573.386,5585.765,5580.189,5611.542,5574.316,5587.033
2025-06-12T05:00:00.000000Z,67447,5585.711,5603.341,5557.084,5562.777,5585.711,5603.341,5557.084,5562.777,5586.953,5604.752,5558.98,5563.929
2025-06-12T09:00:00.000000Z,76259,5562.346,5597.504,5559.904,5587.499,5562.346,5597.504,5559.904,5587.499,5563.548,5598.543,5561.462,5588.87
2025-06-12T13:00:00.000000Z,88233,5587.575,5604.855,5572.129,5581.357,5587.575,5604.855,5572.129,5581.357,5588.864,5605.953,5573.316,5582.863
2025-06-12T17:00:00.000000Z,32509,5581.192,5588.468,5575.543,5578.993,5581.192,5588.468,5575.543,5578.993,5582.714,5589.288,5576.667,5581.54
2025-06-12T21:00:00.000000Z,46660,5574.427,5688.447,5570.247,5680.026,5574.427,5688.447,5570.247,5680.026,5576.204,5690.0,5571.329,5681.235
2025-06-13T01:00:00.000000Z,77528,5677.11,5719.17,5674.307,5700.396,5677.11,5719.17,5674.307,5700.396,5679.057,5720.48,5675.794,5702.129
2025-06-13T05:00:00.000000Z,65234,5700.462,5703.611,5667.356,5688.727,5700.462,5703.611,5667.356,5688.727,5702.129,5704.899,5668.846,5689.874
2025-06-13T09:00:00.000000Z,60965,5688.727,5722.271,5683.352,5719.329,5688.727,5722.271,5683.352,5719.329,5689.891,5723.812,5684.668,5720.657
2025-06-13T13:00:00.000000Z,86060,5719.265,5737.161,5663.466,5680.713,5719.265,5737.161,5663.466,5680.713,5720.61,5738.246,5664.904,5682.307
2025-06-13T17:00:00.000000Z,51801,5680.923,5713.818,5677.722,5701.748,5680.923,5713.818,5677.722,5701.748,5682.135,5714.855,5678.973,5706.748
2025-06-15T21:00:00.000000Z,41592,5721.986,5742.685,5701.174,5705.111,5721.986,5742.685,5701.174,5705.111,5726.986,5744.646,5702.512,5706.619
2025-06-16T01:00:00.000000Z,55242,5705.135,5728.351,5696.61,5697.261,5705.135,5728.351,5696.61,5697.261,5706.904,5729.528,5698.204,5698.654
2025-06-16T05:00:00.000000Z,60718,5697.261,5697.749,5650.879,5652.527,5697.261,5697.749,5650.879,5652.527,5698.559,5699.464,5652.249,5654.091
2025-06-16T09:00:00.000000Z,46168,5652.412,5661.048,5634.144,5637.095,5652.412,5661.048,5634.144,5637.095,5653.838,5662.485,5635.403,5638.594
2025-06-16T13:00:00.000000Z,80947,5636.93,5640.372,5571.624,5592.074,5636.93,5640.372,5571.624,5592.074,5638.545,5641.97,5573.085,5593.213
2025-06-16T17:00:00.000000Z,37626,5592.074,5596.799,5572.928,5584.324,5592.074,5596.799,5572.928,5584.324,5593.121,5597.932,5574.262,5586.268
2025-06-16T21:00:00.000000Z,29535,5590.928,5627.475,5588.664,5606.913,5590.928,5627.475,5588.664,5606.913,5593.42,5628.887,5590.533,5608.504
2025-06-17T01:00:00.000000Z,49645,5607.101,5623.648,5565.742,5593.292,5607.101,5623.648,5565.742,5593.292,5608.352,5625.086,5567.254,5594.604
2025-06-17T05:00:00.000000Z,49857,5593.259,5598.905,5565.89,5567.982,5593.259,5598.905,5565.89,5567.982,5594.505,5600.425,5566.645,5569.5
2025-06-17T09:00:00.000000Z,53189,5567.982,5598.059,5560.481,5587.247,5567.982,5598.059,5560.481,5587.247,5569.408,5599.094,5562.005,5588.661
2025-06-17T13:00:00.000000Z,81205,5587.112,5605.908,5564.033,5603.421,5587.112,5605.908,5564.033,5603.421,5588.641,5607.469,5565.622,5605.114
2025-06-17T17:00:00.000000Z,44818,5603.404,5641.829,5601.4,5632.088,5603.404,5641.829,5601.4,5632.088,5605.131,5642.848,5602.573,5634.289
2025-06-17T21:00:00.000000Z,27507,5645.613,5647.309,5616.456,5623.179,5645.613,5647.309,5616.456,5623.179,5647.922,5648.601,5617.909,5624.391
2025-06-18T01:00:00.000000Z,48867,5623.013,5636.412,5592.493,5625.907,5623.013,5636.412,5592.493,5625.907,5624.121,5637.578,5594.121,5627.014
2025-06-18T05:00:00.000000Z,50955,5626.052,5627.3,5596.349,5614.225,5626.052,5627.3,5596.349,5614.225,5627.146,5628.419,5597.651,5615.088
2025-06-18T09:00:00.000000Z,45164,5614.225,5623.464,5598.539,5618.349,5614.225,5623.464,5598.539,5618.349,5615.071,5624.769,5600.234,5619.693
2025-06-18T13:00:00.000000Z,70491,5618.465,5637.926,5586.119,5615.107,5618.465,5637.926,5586.119,5615.107,5619.819,5639.192,5587.437,5616.41
2025-06-18T17:00:00.000000Z,65558,5615.024,5617.142,5578.598,5587.553,5615.024,5617.142,5578.598,5587.553,5616.337,5618.011,5580.097,5589.723
2025-06-18T21:00:00.000000Z,25171,5590.432,5619.104,5589.265,5614.11,5590.432,5619.104,5589.265,5614.11,5593.191,5620.259,5591.254,5615.306
2025-06-19T01:00:00.000000Z,47147,5614.044,5642.523,5614.044,5626.932,5614.044,5642.523,5614.044,5626.932,5615.306,5644.429,5615.233,5628.484
2025-06-19T05:00:00.000000Z,68539,5627.025,5642.839,5602.375,5628.273,5627.025,5642.839,5602.375,5628.273,5628.561,5644.142,5603.681,5629.568
2025-06-19T09:00:00.000000Z,48308,5628.179,5653.57,5619.526,5638.571,5628.179,5653.57,5619.526,5638.571,5629.568,5654.537,5620.758,5639.977
2025-06-19T13:00:00.000000Z,54573,5638.738,5651.272,5623.497,5649.971,5638.738,5651.272,5623.497,5649.971,5640.044,5652.675,5624.874,5651.291
2025-06-19T17:00:00.000000Z,11838,5649.67,5651.568,5624.53,5630.959,5649.67,5651.568,5624.53,5630.959,5651.274,5652.713,5626.197,5632.242
2025-06-19T21:00:00.000000Z,26218,5619.837,5621.778,5603.744,5610.094,5619.837,5621.778,5603.744,5610.094,5622.481,5624.412,5605.244,5611.478
2025-06-20T01:00:00.000000Z,54380,5610.094,5611.491,5576.775,5584.967,5610.094,5611.491,5576.775,5584.967,5611.572,5613.043,5578.243,5585.77
2025-06-20T05:00:00.000000Z,54177,5585.0,5594.93,5564.056,5589.192,5585.0,5594.93,5564.056,5589.192,5585.77,5596.28,5565.686,5590.302
2025-06-20T09:00:00.000000Z,51056,5589.158,5602.926,5576.59,5580.503,5589.158,5602.926,5576.59,5580.503,5590.102,5604.196,5578.158,5581.953
2025-06-20T13:00:00.000000Z,71593,5580.503,5649.919,5578.349,5643.003,5580.503,5649.919,5578.349,5643.003,5581.919,5651.244,5579.766,5644.092
2025-06-20T17:00:00.000000Z,33553,5643.003,5648.536,5631.228,5642.619,5643.003,5648.536,5631.228,5642.619,5644.042,5650.723,5632.611,5647.619
2025-06-22T21:00:00.000000Z,50491,5690.261,5700.67,5644.217,5652.921,5690.261,5700.67,5644.217,5652.921,5693.601,5703.635,5645.418,5654.309
2025-06-23T01:00:00.000000Z,72678,5652.826,5682.163,5639.943,5671.137,5652.826,5682.163,5639.943,5671.137,5654.309,5683.299,5641.606,5672.17
2025-06-23T05:00:00.000000Z,73684,5671.521,5685.235,5650.792,5684.594,5671.521,5685.235,5650.792,5684.594,5672.745,5686.614,5652.093,5685.909
2025-06-23T09:00:00.000000Z,71967,5684.56,5742.953,5684.453,5697.206,5684.56,5742.953,5684.453,5697.206,5685.729,5744.06,5685.605,5698.598
2025-06-23T13:00:00.000000Z,102924,5697.285,5731.37,5682.844,5705.782,5697.285,5731.37,5682.844,5705.782,5698.581,5733.33,5684.397,5707.067
2025-06-23T17:00:00.000000Z,57136,5705.782,5710.198,5632.738,5635.478,5705.782,5710.198,5632.738,5635.478,5706.875,5711.455,5634.461,5637.8
2025-06-23T21:00:00.000000Z,49169,5616.378,5622.565,5558.841,5587.547,5616.378,5622.565,5558.841,5587.547,5618.318,5624.766,5560.183,5588.934
2025-06-24T01:00:00.000000Z,58545,5587.647,5595.948,5564.515,5566.475,5587.647,5595.948,5564.515,5566.475,5588.834,5597.135,5565.692,5567.761
2025-06-24T05:00:00.000000Z,88116,5566.567,5569.124,5500.077,5523.952,5566.567,5569.124,5500.077,5523.952,5567.761,5570.58,5501.408,5525.268
2025-06-24T09:00:00.000000Z,58115,5523.952,5525.851,5481.392,5502.119,5523.952,5525.851,5481.392,5502.119,5525.285,5527.134,5482.88,5503.567
2025-06-24T13:00:00.000000Z,90463,5502.21,5514.92,5469.333,5511.28,5502.21,5514.92,5469.333,5511.28,5503.567,5516.236,5470.339,5512.464
2025-06-24T17:00:00.000000Z,35603,5511.189,5532.753,5505.448,5532.05,5511.189,5532.753,5505.448,5532.05,5512.464,5534.127,5506.391,5533.369
2025-06-24T21:00:00.000000Z,16896,5530.447,5539.461,5522.75,5526.733,5530.447,5539.461,5522.75,5526.733,5532.492,5540.821,5524.167,5527.866
2025-06-25T01:00:00.000000Z,44124,5526.816,5536.057,5512.467,5518.412,5526.816,5536.057,5512.467,5518.412,5528.016,5537.525,5513.205,5519.82
2025-06-25T05:00:00.000000Z,47291,5518.363,5536.564,5518.271,5522.41,5518.363,5536.564,5518.271,5522.41,5519.737,5538.049,5519.707,5523.618
2025-06-25T09:00:00.000000Z,47524,5522.228,5531.653,5516.455,5521.229,5522.228,5531.653,5516.455,5521.229,5523.552,5532.921,5517.69,5522.546
2025-06-25T13:00:00.000000Z,71175,5521.561,5532.194,5504.821,5531.621,5521.561,5532.194,5504.821,5531.621,5522.746,5533.536,5505.805,5532.996
2025-06-25T17:00:00.000000Z,44119,5531.737,5535.271,5512.39,5517.373,5531.737,5535.271,5512.39,5517.373,5533.063,5536.28,5513.339,5518.653
2025-06-25T21:00:00.000000Z,25461,5521.737,5522.092,5502.387,5511.284,5521.737,5522.092,5502.387,5511.284,5525.15,5525.564,5503.855,5512.539
2025-06-26T01:00:00.000000Z,53377,5511.416,5528.426,5506.212,5510.506,5511.416,5528.426,5506.212,5510.506,5512.613,5530.074,5507.49,5511.752
2025-06-26T05:00:00.000000Z,61864,5510.415,5534.242,5507.347,5516.602,5510.415,5534.242,5507.347,5516.602,5511.661,5535.449,5508.503,5517.755
2025-06-26T09:00:00.000000Z,67492,5516.486,5519.719,5484.257,5484.917,5516.486,5519.719,5484.257,5484.917,5517.921,5520.94,5485.74,5486.318
2025-06-26T13:00:00.000000Z,89068,5484.901,5494.496,5457.474,5489.354,5484.901,5494.496,5457.474,5489.354,5486.385,5495.602,5458.534,5490.491
2025-06-26T17:00:00.000000Z,39329,5489.354,5499.142,5486.815,5492.548,5489.354,5499.142,5486.815,5492.548,5490.622,5500.321,5487.851,5494.37
2025-06-26T21:00:00.000000Z,22794,5489.945,5490.019,5463.102,5470.026,5489.945,5490.019,5463.102,5470.026,5491.718,5491.751,5464.484,5471.122
2025-06-27T01:00:00.000000Z,58888,5469.936,5479.453,5424.472,5436.133,5469.936,5479.453,5424.472,5436.133,5471.212,5480.904,5425.943,5437.07
2025-06-27T05:00:00.000000Z,70576,5436.043,5446.623,5402.41,5416.709,5436.043,5446.623,5402.41,5416.709,5436.997,5447.981,5403.543,5417.951
2025-06-27T09:00:00.000000Z,62768,5416.442,5431.746,5385.964,5387.14,5416.442,5431.746,5385.964,5387.14,5417.773,5433.021,5387.284,5388.335
2025-06-27T13:00:00.000000Z,89345,5387.196,5410.737,5371.182,5405.777,5387.196,5410.737,5371.182,5405.777,5388.335,5412.225,5372.839,5406.822
2025-06-27T17:00:00.000000Z,49200,5405.793,5429.293,5400.38,5402.711,5405.793,5429.293,5400.38,5402.711,5406.855,5430.619,5401.368,5407.711
2025-06-29T21:00:00.000000Z,25628,5397.902,5403.43,5356.327,5382.594,5397.902,5403.43,5356.327,5382.594,5400.422,5405.9,5359.885,5384.241
2025-06-30T01:00:00.000000Z,40255,5382.683,5410.912,5374.45,5408.597,5382.683,5410.912,5374.45,5408.597,5384.241,5412.375,5375.816,5410.327
2025-06-30T05:00:00.000000Z,46490,5408.597,5433.478,5400.548,5419.008,5408.597,5433.478,5400.548,5419.008,5410.238,5434.957,5401.822,5420.307
2025-06-30T09:00:00.000000Z,57116,5418.711,5428.353,5398.622,5415.592,5418.711,5428.353,5398.622,5415.592,5420.182,5429.554,5399.993,5417.031
2025-06-30T13:00:00.000000Z,73202,5415.526,5424.788,5399.707,5414.013,5415.526,5424.788,5399.707,5414.013,5417.014,5426.218,5401.14,5414.957
2025-06-30T17:00:00.000000Z,38978,5414.029,5428.753,5406.296,5417.241,5414.029,5428.753,5406.296,5417.241,5414.826,5430.023,5407.526,5418.71
2025-06-30T21:00:00.000000Z,17038,5418.277,5439.507,5417.907,5439.507,5418.277,5439.507,5417.907,5439.507,5420.168,5440.959,5419.767,5440.959
2025-07-01T01:00:00.000000Z,40016,5439.597,5459.704,5439.343,5453.299,5439.597,5459.704,5439.343,5453.299,5441.048,5461.108,5440.539,5454.366
2025-07-01T05:00:00.000000Z,53669,5453.209,5469.133,5451.76,5460.353,5453.209,5469.133,5451.76,5460.353,5454.276,5470.456,5453.091,5461.859
2025-07-01T09:00:00.000000Z,60608,5460.435,5502.949,5459.393,5498.204,5460.435,5502.949,5459.393,5498.204,5461.908,5504.197,5460.763,5499.698
2025-07-01T13:00:00.000000Z,90909,5498.089,5503.481,5481.263,5492.75,5498.089,5503.481,5481.263,5492.75,5499.583,5504.69,5482.388,5494.263
2025-07-01T17:00:00.000000Z,36635,5492.717,5494.245,5473.23,5473.774,5492.717,5494.245,5473.23,5473.774,5494.197,5495.323,5474.543,5475.438
2025-07-01T21:00:00.000000Z,22917,5475.724,5484.053,5465.953,5468.387,5475.724,5484.053,5465.953,5468.387,5477.807,5485.76,5466.962,5469.805
2025-07-02T01:00:00.000000Z,42863,5468.477,5477.861,5458.298,5472.83,5468.477,5477.861,5458.298,5472.83,5469.789,5479.199,5459.944,5474.004
2025-07-02T05:00:00.000000Z,47923,5472.764,5491.559,5469.876,5486.051,5472.764,5491.559,5469.876,5486.051,5474.037,5492.835,5470.961,5487.475
2025-07-02T09:00:00.000000Z,58586,5485.961,5533.734,5484.605,5526.763,5485.961,5533.734,5484.605,5526.763,5487.384,5535.057,5485.881,5528.209
2025-07-02T13:00:00.000000Z,81693,5526.855,5526.855,5494.906,5508.876,5526.855,5526.855,5494.906,5508.876,5528.193,5528.193,5496.132,5510.036
2025-07-02T17:00:00.000000Z,32074,5508.629,5518.41,5501.337,5512.908,5508.629,5518.41,5501.337,5512.908,5509.477,5519.833,5502.348,5514.076
2025-07-02T21:00:00.000000Z,23688,5516.042,5525.601,5490.074,5492.314,5516.042,5525.601,5490.074,5492.314,5517.984,5526.771,5491.175,5493.694
2025-07-03T01:00:00.000000Z,37797,5492.765,5522.914,5488.929,5519.464,5492.765,5522.914,5488.929,5519.464,5493.965,5524.118,5490.638,5521.021
2025-07-03T05:00:00.000000Z,48905,5519.389,5539.305,5511.083,5522.238,5519.389,5539.305,5511.083,5522.238,5521.021,5540.756,5512.433,5523.367
2025-07-03T09:00:00.000000Z,63619,5522.238,5529.832,5483.244,5502.186,5522.238,5529.832,5483.244,5502.186,5523.276,5531.679,5484.713,5503.748
2025-07-03T13:00:00.000000Z,88094,5502.31,5513.786,5476.702,5494.034,5502.31,5513.786,5476.702,5494.034,5503.797,5515.165,5478.265,5495.27
2025-07-03T17:00:00.000000Z,16860,5494.067,5495.229,5477.834,5478.782,5494.067,5495.229,5477.834,5478.782,5495.418,5496.464,5479.274,5480.066
2025-07-03T21:00:00.000000Z,17712,5476.275,5485.008,5469.447,5475.187,5476.275,5485.008,5469.447,5475.187,5478.537,5486.481,5470.681,5476.224
2025-07-04T01:00:00.000000Z,38087,5475.253,5509.054,5471.947,5501.317,5475.253,5509.054,5471.947,5501.317,5476.322,5510.422,5473.27,5502.594
2025-07-04T05:00:00.000000Z,45179,5501.317,5517.123,5494.996,5510.997,5501.317,5517.123,5494.996,5510.997,5502.693,5518.467,5496.091,5512.184
2025-07-04T09:00:00.000000Z,41762,5510.997,5511.782,5493.135,5503.211,5510.997,5511.782,5493.135,5503.211,5512.275,5513.076,5494.791,5504.663
2025-07-04T13:00:00.000000Z,36384,5503.162,5512.596,5497.377,5511.432,5503.162,5512.596,5497.377,5511.432,5504.58,5514.107,5498.795,5512.777
2025-07-06T21:00:00.000000Z,23603,5516.313,5518.05,5490.608,5506.184,5516.313,5518.05,5490.608,5506.184,5519.346,5521.374,5492.188,5507.349
2025-07-07T01:00:00.000000Z,57211,5506.184,5509.547,5475.823,5503.148,5506.184,5509.547,5475.823,5503.148,5507.39,5510.745,5477.21,5504.573
2025-07-07T05:00:00.000000Z,56646,5503.231,5523.977,5493.711,5523.768,5503.231,5523.977,5493.711,5523.768,5504.581,5525.255,5494.978,5525.046
2025-07-07T09:00:00.000000Z,63213,5523.559,5529.142,5496.277,5518.087,5523.559,5529.142,5496.277,5518.087,5524.62,5530.489,5497.57,5519.281
2025-07-07T13:00:00.000000Z,71600,5517.995,5551.222,5504.824,5550.577,5517.995,5551.222,5504.824,5550.577,5519.34,5552.527,5506.166,5551.907
2025-07-07T17:00:00.000000Z,47215,5550.677,5568.98,5545.844,5565.612,5550.677,5568.98,5545.844,5565.612,5552.008,5570.479,5546.964,5566.932
2025-07-07T21:00:00.000000Z,26490,5568.643,5576.857,5538.73,5547.182,5568.643,5576.857,5538.73,5547.182,5570.687,5578.641,5539.898,5548.675
2025-07-08T01:00:00.000000Z,50318,5547.265,5551.825,5518.939,5533.242,5547.265,5551.825,5518.939,5533.242,5548.692,5553.162,5521.069,5534.517
2025-07-08T05:00:00.000000Z,57711,5533.15,5550.643,5519.46,5520.959,5533.15,5550.643,5519.46,5520.959,5534.517,5551.953,5520.627,5522.134
2025-07-08T09:00:00.000000Z,48710,5521.159,5542.889,5516.261,5536.286,5521.159,5542.889,5516.261,5536.286,5522.226,5544.141,5517.702,5537.32
2025-07-08T13:00:00.000000Z,95819,5536.286,5548.864,5490.032,5504.607,5536.286,5548.864,5490.032,5504.607,5537.395,5550.036,5491.494,5505.809
2025-07-08T17:00:00.000000Z,46503,5504.791,5515.989,5499.362,5504.163,5504.791,5515.989,5499.362,5504.163,5505.809,5517.307,5500.547,5505.457
2025-07-08T21:00:00.000000Z,19896,5506.347,5521.198,5499.687,5518.996,5506.347,5521.198,5499.687,5518.996,5507.583,5522.095,5501.264,5520.359
2025-07-09T01:00:00.000000Z,50260,5518.904,5520.74,5486.488,5487.665,5518.904,5520.74,5486.488,5487.665,5520.359,5521.936,5487.929,5489.208
2025-07-09T05:00:00.000000Z,56074,5487.732,5501.247,5469.918,5474.463,5487.732,5501.247,5469.918,5474.463,5489.208,5502.45,5471.053,5475.547
2025-07-09T09:00:00.000000Z,46237,5474.463,5506.441,5473.189,5497.652,5474.463,5506.441,5473.189,5497.652,5475.639,5507.625,5474.29,5498.737
2025-07-09T13:00:00.000000Z,75436,5497.577,5528.847,5488.266,5525.843,5497.577,5528.847,5488.266,5525.843,5498.737,5529.883,5489.384,5526.971
2025-07-09T17:00:00.000000Z,35925,5525.734,5526.436,5513.585,5522.747,5525.734,5526.436,5513.585,5522.747,5526.971,5527.631,5515.037,5523.716
2025-07-09T21:00:00.000000Z,21161,5521.311,5533.925,5519.17,5523.003,5521.311,5533.925,5519.17,5523.003,5523.457,5535.244,5522.115,5524.606
2025-07-10T01:00:00.000000Z,38674,5522.779,5538.815,5519.524,5529.851,5522.779,5538.815,5519.524,5529.851,5524.373,5539.985,5520.817,5531.195
2025-07-10T05:00:00.000000Z,42845,5529.967,5538.486,5519.562,5535.251,5529.967,5538.486,5519.562,5535.251,5531.212,5539.822,5520.837,5536.51
2025-07-10T09:00:00.000000Z,44147,5535.251,5538.064,5516.873,5531.978,5535.251,5538.064,5516.873,5531.978,5536.326,5539.182,5518.04,5533.33
2025-07-10T13:00:00.000000Z,77484,5531.945,5542.033,5498.79,5504.935,5531.945,5542.033,5498.79,5504.935,5533.23,5543.313,5499.757,5506.026
2025-07-10T17:00:00.000000Z,33457,5504.935,5514.265,5501.802,5507.326,5504.935,5514.265,5501.802,5507.326,5506.059,5515.481,5502.959,5508.432
2025-07-10T21:00:00.000000Z,27878,5508.599,5548.606,5498.057,5534.672,5508.599,5548.606,5498.057,5534.672,5510.07,5549.821,5499.585,5536.806
2025-07-11T01:00:00.000000Z,51797,5534.373,5542.123,5515.013,5538.554,5534.373,5542.123,5515.013,5538.554,5536.623,5543.941,5516.344,5540.221
2025-07-11T05:00:00.000000Z,71489,5538.504,5558.274,5532.666,5543.733,5538.504,5558.274,5532.666,5543.733,5540.221,5559.676,5533.908,5545.068
2025-07-11T09:00:00.000000Z,69656,5543.833,5583.181,5543.069,5578.877,5543.833,5583.181,5543.069,5578.877,5545.118,5584.754,5544.168,5580.406
2025-07-11T13:00:00.000000Z,102184,5578.777,5607.467,5566.515,5582.394,5578.777,5607.467,5566.515,5582.394,5580.406,5609.167,5567.986,5583.766
2025-07-11T17:00:00.000000Z,49401,5582.394,5592.445,5573.559,5584.141,5582.394,5592.445,5573.559,5584.141,5583.673,5593.81,5574.947,5587.578
2025-07-13T21:00:00.000000Z,30630,5598.387,5623.632,5592.474,5604.997,5598.387,5623.632,5592.474,5604.997,5602.189,5625.42,5594.925,5606.563
2025-07-14T01:00:00.000000Z,66424,5604.997,5618.293,5599.953,5616.465,5604.997,5618.293,5599.953,5616.465,5606.536,5619.841,5601.446,5617.936
2025-07-14T05:00:00.000000Z,59536,5616.402,5640.062,5602.36,5620.166,5616.402,5640.062,5602.36,5620.166,5617.769,5641.575,5604.003,5621.508
2025-07-14T09:00:00.000000Z,55500,5620.349,5630.113,5597.18,5597.447,5620.349,5630.113,5597.18,5597.447,5621.742,5631.312,5598.345,5598.596
2025-07-14T13:00:00.000000Z,79763,5597.808,5612.802,5587.979,5604.049,5597.808,5612.802,5587.979,5604.049,5598.83,5614.302,5589.053,5605.276
2025-07-14T17:00:00.000000Z,30851,5604.066,5611.032,5593.068,5597.229,5604.066,5611.032,5593.068,5597.229,5605.276,5612.135,5594.361,5598.904
2025-07-14T21:00:00.000000Z,15791,5595.063,5604.332,5593.674,5599.034,5595.063,5604.332,5593.674,5599.034,5596.898,5605.435,5594.772,5600.404
2025-07-15T01:00:00.000000Z,39970,5599.128,5623.883,5590.365,5621.558,5599.128,5623.883,5590.365,5621.558,5600.404,5624.933,5591.756,5623.069
2025-07-15T05:00:00.000000Z,42899,5621.591,5625.721,5594.66,5605.224,5621.591,5625.721,5594.66,5605.224,5623.103,5627.015,5595.69,5606.111
2025-07-15T09:00:00.000000Z,51548,5605.411,5611.358,5578.544,5582.134,5605.411,5611.358,5578.544,5582.134,5606.204,5612.456,5579.923,5583.044
2025-07-15T13:00:00.000000Z,99128,5582.307,5631.526,5567.358,5602.409,5582.307,5631.526,5567.358,5602.409,5583.21,5632.684,5568.545,5603.622
2025-07-15T17:00:00.000000Z,38278,5602.443,5606.54,5591.461,5592.258,5602.443,5606.54,5591.461,5592.258,5603.673,5607.474,5592.569,5593.535
2025-07-15T21:00:00.000000Z,15484,5593.138,5597.961,5582.076,5586.425,5593.138,5597.961,5582.076,5586.425,5594.633,5599.453,5583.442,5587.534
2025-07-16T01:00:00.000000Z,42127,5586.442,5611.74,5583.235,5609.945,5586.442,5611.74,5583.235,5609.945,5587.568,5613.094,5584.596,5611.08
2025-07-16T05:00:00.000000Z,41452,5609.945,5625.368,5606.429,5623.214,5609.945,5625.368,5606.429,5623.214,5611.063,5626.454,5607.554,5624.59
2025-07-16T09:00:00.000000Z,51699,5623.214,5628.896,5603.552,5613.873,5623.214,5628.896,5603.552,5613.873,5624.573,5629.955,5604.546,5614.972
2025-07-16T13:00:00.000000Z,135375,5614.129,5667.418,5609.562,5634.276,5614.129,5667.418,5609.562,5634.276,5615.218,5669.212,5610.733,5635.44
2025-07-16T17:00:00.000000Z,49212,5634.225,5649.229,5626.302,5627.673,5634.225,5649.229,5626.302,5627.673,5635.423,5650.539,5628.111,5630.024
2025-07-16T21:00:00.000000Z,17533,5633.933,5637.266,5625.338,5629.42,5633.933,5637.266,5625.338,5629.42,5636.144,5639.038,5626.692,5630.456
2025-07-17T01:00:00.000000Z,45188,5629.386,5652.393,5620.474,5638.458,5629.386,5652.393,5620.474,5638.458,5630.422,5653.668,5621.811,5639.412
2025-07-17T05:00:00.000000Z,57043,5638.458,5642.917,5617.248,5617.282,5638.458,5642.917,5617.248,5617.282,5639.327,5643.724,5618.452,5618.588
2025-07-17T09:00:00.000000Z,60211,5617.282,5629.859,5590.886,5598.676,5617.282,5629.859,5590.886,5598.676,5618.443,5632.539,5591.871,5599.432
2025-07-17T13:00:00.000000Z,81166,5598.963,5639.358,5593.358,5635.458,5598.963,5639.358,5593.358,5635.458,5599.854,5640.721,5594.776,5636.78
2025-07-17T17:00:00.000000Z,31103,5635.458,5638.331,5625.816,5628.751,5635.458,5638.331,5625.816,5628.751,5636.685,5639.459,5627.103,5630.482
2025-07-17T21:00:00.000000Z,17710,5630.694,5631.469,5605.596,5609.667,5630.694,5631.469,5605.596,5609.667,5631.792,5632.685,5607.003,5611.148
2025-07-18T01:00:00.000000Z,39369,5609.903,5616.437,5593.387,5604.561,5609.903,5616.437,5593.387,5604.561,5611.4,5617.731,5594.493,5605.594
2025-07-18T05:00:00.000000Z,43656,5604.598,5623.966,5599.609,5611.085,5604.598,5623.966,5599.609,5611.085,5605.726,5625.091,5600.784,5612.43
2025-07-18T09:00:00.000000Z,46349,5610.897,5623.123,5606.301,5618.658,5610.897,5623.123,5606.301,5618.658,5612.336,5624.146,5607.49,5619.807
2025-07-18T13:00:00.000000Z,74035,5618.674,5622.835,5601.876,5620.995,5618.674,5622.835,5601.876,5620.995,5619.575,5623.763,5602.981,5622.212
2025-07-18T17:00:00.000000Z,30434,5620.934,5624.693,5614.872,5616.993,5620.934,5624.693,5614.872,5616.993,5622.212,5625.916,5616.128,5621.993
2025-07-20T21:00:00.000000Z,18743,5613.454,5645.219,5607.563,5639.998,5613.454,5645.219,5607.563,5639.998,5616.181,5646.497,5609.032,5641.269
2025-07-21T01:00:00.000000Z,35554,5639.947,5650.409,5629.363,5641.453,5639.947,5650.409,5629.363,5641.453,5641.236,5651.496,5630.678,5642.7
2025-07-21T05:00:00.000000Z,54428,5641.453,5656.291,5638.985,5643.649,5641.453,5656.291,5638.985,5643.649,5642.605,5657.696,5640.008,5644.979
2025-07-21T09:00:00.000000Z,53673,5643.766,5672.888,5641.319,5672.88,5643.766,5672.888,5641.319,5672.88,5644.996,5674.096,5642.482,5674.054
2025-07-21T13:00:00.000000Z,99884,5672.952,5692.521,5669.463,5678.752,5672.952,5692.521,5669.463,5678.752,5674.16,5693.579,5670.649,5679.836
2025-07-21T17:00:00.000000Z,41597,5678.752,5693.348,5675.871,5691.19,5678.752,5693.348,5675.871,5691.19,5679.853,5694.318,5676.926,5693.088
2025-07-21T21:00:00.000000Z,17616,5695.506,5702.016,5681.481,5694.365,5695.506,5702.016,5681.481,5694.365,5697.431,5703.397,5683.193,5695.866
2025-07-22T01:00:00.000000Z,43931,5694.365,5695.089,5679.075,5690.592,5694.365,5695.089,5679.075,5690.592,5695.916,5696.724,5680.371,5691.993
2025-07-22T05:00:00.000000Z,51798,5690.592,5702.503,5685.914,5699.853,5690.592,5702.503,5685.914,5699.853,5691.897,5703.771,5687.001,5700.85
2025-07-22T09:00:00.000000Z,54145,5699.836,5712.849,5684.485,5712.226,5699.836,5712.849,5684.485,5712.226,5700.648,5713.89,5685.667,5713.342
2025-07-22T13:00:00.000000Z,106982,5712.008,5735.474,5704.43,5718.602,5712.008,5735.474,5704.43,5718.602,5713.213,5736.787,5706.164,5719.803
2025-07-22T17:00:00.000000Z,49605,5718.507,5721.481,5709.53,5716.533,5718.507,5721.481,5709.53,5716.533,5719.803,5722.436,5710.725,5718.6
2025-07-22T21:00:00.000000Z,24285,5719.846,5730.705,5707.953,5708.359,5719.846,5730.705,5707.953,5708.359,5721.371,5732.06,5709.2,5709.625
2025-07-23T01:00:00.000000Z,58496,5708.359,5709.984,5687.42,5690.795,5708.359,5709.984,5687.42,5690.795,5709.721,5711.317,5688.94,5692.143
2025-07-23T05:00:00.000000Z,62094,5690.762,5693.207,5670.366,5683.407,5690.762,5693.207,5670.366,5683.407,5692.143,5694.633,5671.678,5684.47
2025-07-23T09:00:00.000000Z,62450,5683.407,5692.897,5659.404,5667.226,5683.407,5692.897,5659.404,5667.226,5684.393,5693.867,5660.776,5668.201
2025-07-23T13:00:00.000000Z,107365,5667.16,5667.773,5604.562,5618.135,5667.16,5667.773,5604.562,5618.135,5668.261,5668.863,5605.97,5619.379
2025-07-23T17:00:00.000000Z,54738,5618.218,5628.074,5599.131,5601.801,5618.218,5628.074,5599.131,5601.801,5619.379,5629.169,5601.405,5603.946
2025-07-23T21:00:00.000000Z,18877,5609.667,5613.629,5598.705,5610.043,5609.667,5613.629,5598.705,5610.043,5612.013,5615.267,5599.989,5611.47
2025-07-24T01:00:00.000000Z,62321,5610.043,5611.265,5573.798,5586.19,5610.043,5611.265,5573.798,5586.19,5611.377,5612.414,5574.814,5587.829
2025-07-24T05:00:00.000000Z,62990,5586.282,5586.441,5562.931,5563.68,5586.282,5586.441,5562.931,5563.68,5587.922,5587.922,5564.222,5565.11
2025-07-24T09:00:00.000000Z,57013,5563.548,5570.836,5544.988,5548.618,5563.548,5570.836,5544.988,5548.618,5564.962,5571.959,5546.128,5549.941
2025-07-24T13:00:00.000000Z,88641,5548.585,5587.053,5546.082,5574.813,5548.585,5587.053,5546.082,5574.813,5549.908,5588.146,5547.296,5575.931
2025-07-24T17:00:00.000000Z,39576,5574.671,5590.677,5573.031,5586.283,5574.671,5590.677,5573.031,5586.283,5575.789,5592.338,5574.104,5589.47
2025-07-24T21:00:00.000000Z,17081,5589.679,5590.163,5579.732,5587.15,5589.679,5590.163,5579.732,5587.15,5591.691,5591.798,5581.033,5588.528
2025-07-25T01:00:00.000000Z,37787,5587.15,5593.968,5571.291,5582.014,5587.15,5593.968,5571.291,5582.014,5588.511,5595.053,5572.469,5583.543
2025-07-25T05:00:00.000000Z,45154,5582.313,5584.549,5564.588,5565.746,5582.313,5584.549,5564.588,5565.746,5583.673,5585.435,5565.934,5566.891
2025-07-25T09:00:00.000000Z,44418,5565.713,5575.945,5552.712,5563.564,5565.713,5575.945,5552.712,5563.564,5566.807,5577.031,5553.789,5564.609
2025-07-25T13:00:00.000000Z,92134,5563.481,5572.706,5536.505,5539.701,5563.481,5572.706,5536.505,5539.701,5564.609,5573.921,5537.632,5540.728
2025-07-25T17:00:00.000000Z,33076,5539.801,5553.701,5539.401,5544.013,5539.801,5553.701,5539.401,5544.013,5540.894,5555.063,5540.627,5548.524
2025-07-27T21:00:00.000000Z,25838,5527.59,5542.638,5523.61,5530.116,5527.59,5542.638,5523.61,5530.116,5528.965,5543.921,5524.852,5531.532
2025-07-28T01:00:00.000000Z,40085,5530.024,5560.446,5521.51,5555.368,5530.024,5560.446,5521.51,5555.368,5531.532,5561.841,5522.46,5556.778
2025-07-28T05:00:00.000000Z,51905,5555.385,5590.743,5553.449,5582.049,5555.385,5590.743,5553.449,5582.049,5556.778,5591.979,5554.719,5583.145
2025-07-28T09:00:00.000000Z,54207,5582.049,5589.751,5558.692,5560.587,5582.049,5589.751,5558.692,5560.587,5583.272,5590.967,5559.92,5561.641
2025-07-28T13:00:00.000000Z,89293,5560.587,5571.108,5525.602,5546.214,5560.587,5571.108,5525.602,5546.214,5561.75,5572.253,5526.677,5547.278
2025-07-28T17:00:00.000000Z,41270,5546.121,5558.695,5539.388,5550.551,5546.121,5558.695,5539.388,5550.551,5547.345,5559.718,5540.554,5552.627
2025-07-28T21:00:00.000000Z,17731,5549.514,5554.923,5541.851,5553.293,5549.514,5554.923,5541.851,5553.293,5552.065,5555.987,5543.285,5554.317
2025-07-29T01:00:00.000000Z,39302,5553.049,5561.173,5545.423,5555.456,5553.049,5561.173,5545.423,5555.456,5554.267,5562.463,5546.822,5556.865
2025-07-29T05:00:00.000000Z,56554,5555.456,5590.154,5551.117,5581.024,5555.456,5590.154,5551.117,5581.024,5556.958,5591.458,5552.467,5582.198
2025-07-29T09:00:00.000000Z,54378,5580.706,5589.987,5571.468,5588.697,5580.706,5589.987,5571.468,5588.697,5581.896,5591.055,5572.76,5589.977
2025-07-29T13:00:00.000000Z,86623,5588.697,5598.383,5568.045,5582.253,5588.697,5598.383,5568.045,5582.253,5589.883,5599.746,5569.155,5583.548
2025-07-29T17:00:00.000000Z,40362,5582.346,5593.075,5577.098,5585.9,5582.346,5593.075,5577.098,5585.9,5583.548,5594.354,5578.193,5587.382
2025-07-29T21:00:00.000000Z,14870,5586.054,5590.181,5580.354,5580.879,5586.054,5590.181,5580.354,5580.879,5587.815,5591.627,5581.63,5582.236
2025-07-30T01:00:00.000000Z,43543,5580.785,5586.541,5566.311,5580.597,5580.785,5586.541,5566.311,5580.597,5582.143,5588.09,5567.68,5582.136
2025-07-30T05:00:00.000000Z,48226,5580.614,5598.053,5571.211,5592.198,5580.614,5598.053,5571.211,5592.198,5582.059,5599.154,5572.401,5593.459
2025-07-30T09:00:00.000000Z,58455,5591.912,5606.69,5584.282,5590.514,5591.912,5606.69,5584.282,5590.514,5593.207,5607.739,5585.556,5591.475
2025-07-30T13:00:00.000000Z,88862,5590.42,5597.403,5561.614,5574.988,5590.42,5597.403,5561.614,5574.988,5591.381,5598.662,5562.905,5576.082
2025-07-30T17:00:00.000000Z,79679,5575.022,5576.964,5542.251,5554.999,5575.022,5576.964,5542.251,5554.999,5576.099,5578.702,5543.491,5556.985
2025-07-30T21:00:00.000000Z,22642,5553.349,5569.21,5550.562,5564.332,5553.349,5569.21,5550.562,5564.332,5555.357,5570.562,5551.981,5565.642
2025-07-31T01:00:00.000000Z,45838,5564.238,5580.371,5561.48,5564.932,5564.238,5580.371,5561.48,5564.932,5565.659,5581.725,5562.951,5566.296
2025-07-31T05:00:00.000000Z,52457,5565.067,5605.972,5558.907,5596.818,5565.067,5605.972,5558.907,5596.818,5566.296,5607.202,5560.22,5597.95
2025-07-31T09:00:00.000000Z,62407,5596.818,5612.297,5580.894,5605.099,5596.818,5612.297,5580.894,5605.099,5597.967,5613.58,5582.186,5606.256
2025-07-31T13:00:00.000000Z,97067,5605.011,5616.089,5576.989,5588.39,5605.011,5616.089,5576.989,5588.39,5606.296,5617.492,5578.307,5589.394
2025-07-31T17:00:00.000000Z,49229,5588.255,5596.991,5580.173,5585.997,5588.255,5596.991,5580.173,5585.997,5589.489,5598.091,5581.201,5587.73
2025-07-31T21:00:00.000000Z,20331,5588.662,5596.841,5582.184,5585.531,5588.662,5596.841,5582.184,5585.531,5590.627,5598.54,5583.453,5586.85
2025-08-01T01:00:00.000000Z,39227,5585.456,5602.508,5582.208,5597.102,5585.456,5602.508,5582.208,5597.102,5586.793,5603.779,5583.605,5598.311
2025-08-01T05:00:00.000000Z,44735,5597.102,5617.17,5597.102,5616.993,5597.102,5617.17,5597.102,5616.993,5598.44,5618.253,5598.44,5618.154
2025-08-01T09:00:00.000000Z,63069,5617.079,5656.094,5612.793,5642.079,5617.079,5656.094,5612.793,5642.079,5618.222,5657.865,5614.127,5643.78
2025-08-01T13:00:00.000000Z,115942,5642.045,5681.166,5637.385,5668.425,5642.045,5681.166,5637.385,5668.425,5643.573,5682.292,5639.062,5669.764
2025-08-01T17:00:00.000000Z,55350,5668.521,5688.195,5667.764,5683.094,5668.521,5688.195,5667.764,5683.094,5669.747,5689.592,5669.047,5688.094
2025-08-03T21:00:00.000000Z,23706,5685.844,5691.135,5669.076,5670.593,5685.844,5691.135,5669.076,5670.593,5687.685,5692.497,5670.206,5671.983
2025-08-04T01:00:00.000000Z,41067,5670.656,5683.076,5659.41,5678.374,5670.656,5683.076,5659.41,5678.374,5671.83,5684.263,5660.73,5679.746
2025-08-04T05:00:00.000000Z,48191,5678.486,5689.021,5673.225,5680.692,5678.486,5689.021,5673.225,5680.692,5679.763,5690.224,5674.401,5681.833
2025-08-04T09:00:00.000000Z,50628,5680.692,5696.692,5672.17,5689.296,5680.692,5696.692,5672.17,5689.296,5681.98,5698.144,5673.592,5690.589
2025-08-04T13:00:00.000000Z,78350,5689.392,5720.278,5687.681,5707.914,5689.392,5720.278,5687.681,5707.914,5690.623,5721.446,5688.815,5709.103
2025-08-04T17:00:00.000000Z,33305,5707.914,5722.843,5707.878,5710.552,5707.914,5722.843,5707.878,5710.552,5709.086,5723.737,5709.066,5712.058
2025-08-04T21:00:00.000000Z,14437,5713.152,5718.413,5702.597,5714.771,5713.152,5718.413,5702.597,5714.771,5715.049,5719.565,5703.873,5716.049
2025-08-05T01:00:00.000000Z,30660,5714.675,5728.072,5712.95,5713.831,5714.675,5728.072,5712.95,5713.831,5716.049,5729.261,5714.111,5715.292
2025-08-05T05:00:00.000000Z,45945,5713.831,5728.553,5707.856,5717.42,5713.831,5728.553,5707.856,5717.42,5715.389,5729.489,5709.158,5718.502
2025-08-05T09:00:00.000000Z,52187,5717.454,5717.578,5686.67,5712.641,5717.454,5717.578,5686.67,5712.641,5718.502,5718.888,5687.847,5713.967
2025-08-05T13:00:00.000000Z,82345,5712.641,5749.945,5710.052,5731.649,5712.641,5749.945,5710.052,5731.649,5713.773,5751.306,5711.23,5732.708
2025-08-05T17:00:00.000000Z,31906,5731.649,5738.284,5725.395,5727.647,5731.649,5738.284,5725.395,5727.647,5732.725,5739.441,5726.636,5729.619
2025-08-05T21:00:00.000000Z,15571,5731.306,5735.559,5717.743,5723.734,5731.306,5735.559,5717.743,5723.734,5732.967,5737.547,5718.995,5725.0
2025-08-06T01:00:00.000000Z,32223,5723.429,5724.731,5690.744,5691.489,5723.429,5724.731,5690.744,5691.489,5724.64,5726.111,5692.031,5692.68
2025-08-06T05:00:00.000000Z,42060,5691.455,5706.229,5683.817,5684.418,5691.455,5706.229,5683.817,5684.418,5692.776,5707.26,5685.183,5685.829
2025-08-06T09:00:00.000000Z,49315,5684.322,5688.885,5666.05,5675.314,5684.322,5688.885,5666.05,5675.314,5685.925,5690.144,5667.239,5676.503
2025-08-06T13:00:00.000000Z,77790,5675.275,5704.743,5672.029,5692.106,5675.275,5704.743,5672.029,5692.106,5676.531,5705.844,5673.005,5693.099
2025-08-06T17:00:00.000000Z,44013,5692.106,5693.471,5672.615,5681.311,5692.106,5693.471,5672.615,5681.311,5693.149,5694.454,5673.786,5682.85
2025-08-06T21:00:00.000000Z,31445,5685.152,5693.593,5676.166,5688.327,5685.152,5693.593,5676.166,5688.327,5687.638,5695.589,5678.013,5689.855
2025-08-07T01:00:00.000000Z,50031,5688.31,5696.373,5675.037,5676.359,5688.31,5696.373,5675.037,5676.359,5689.759,5697.9,5676.773,5677.811
2025-08-07T05:00:00.000000Z,87213,5676.41,5700.22,5664.058,5670.124,5676.41,5700.22,5664.058,5670.124,5677.811,5701.393,5665.256,5671.675
2025-08-07T09:00:00.000000Z,82973,5670.074,5689.287,5659.229,5676.317,5670.074,5689.287,5659.229,5676.317,5671.692,5690.776,5660.745,5678.165
2025-08-07T13:00:00.000000Z,96060,5676.451,5713.144,5674.183,5700.327,5676.451,5713.144,5674.183,5700.327,5678.014,5714.342,5675.649,5701.269
2025-08-07T17:00:00.000000Z,62988,5700.277,5712.072,5688.788,5695.331,5700.277,5712.072,5688.788,5695.331,5701.235,5712.924,5691.239,5700.331
2025-08-07T21:00:00.000000Z,51828,5704.22,5716.987,5680.581,5683.833,5704.22,5716.987,5680.581,5683.833,5709.22,5720.755,5683.216,5684.611
2025-08-08T01:00:00.000000Z,103803,5683.816,5702.245,5674.101,5695.387,5683.816,5702.245,5674.101,5695.387,5684.578,5704.439,5675.64,5698.394
2025-08-08T05:00:00.000000Z,112362,5695.387,5710.57,5684.265,5702.03,5695.387,5710.57,5684.265,5702.03,5697.84,5712.057,5686.658,5703.213
2025-08-08T09:00:00.000000Z,131709,5702.03,5714.596,5676.317,5697.208,5702.03,5714.596,5676.317,5697.208,5703.118,5715.944,5677.611,5699.164
2025-08-08T13:00:00.000000Z,109675,5696.839,5713.816,5677.509,5708.168,5696.839,5713.816,5677.509,5708.168,5699.03,5715.005,5678.624,5709.29
2025-08-08T17:00:00.000000Z,77470,5708.151,5714.078,5667.523,5703.774,5708.151,5714.078,5667.523,5703.774,5709.222,5715.379,5672.523,5708.73
2025-08-10T21:00:00.000000Z,25204,5712.63,5715.523,5685.736,5686.133,5712.63,5715.523,5685.736,5686.133,5715.31,5719.496,5686.958,5687.468
2025-08-11T01:00:00.000000Z,63301,5686.263,5689.13,5659.534,5671.349,5686.263,5689.13,5659.534,5671.349,5687.597,5690.314,5661.062,5672.939
2025-08-11T05:00:00.000000Z,72843,5671.315,5678.698,5650.299,5654.07,5671.315,5678.698,5650.299,5654.07,5672.811,5679.958,5651.469,5655.263
2025-08-11T09:00:00.000000Z,78668,5654.339,5663.519,5641.252,5659.979,5654.339,5663.519,5641.252,5659.979,5655.403,5664.887,5642.688,5660.854
2025-08-11T13:00:00.000000Z,83845,5659.912,5667.758,5631.884,5635.06,5659.912,5667.758,5631.884,5635.06,5660.752,5669.352,5633.055,5636.147
2025-08-11T17:00:00.000000Z,50232,5634.965,5659.702,5626.031,5627.928,5634.965,5659.702,5626.031,5627.928,5635.957,5660.588,5627.452,5629.679
2025-08-11T21:00:00.000000Z,17578,5630.715,5646.751,5628.732,5644.784,5630.715,5646.751,5628.732,5644.784,5632.463,5648.236,5630.461,5646.201
2025-08-12T01:00:00.000000Z,38586,5644.812,5652.423,5631.162,5648.145,5644.812,5652.423,5631.162,5648.145,5646.1,5653.925,5632.725,5649.299
2025-08-12T05:00:00.000000Z,50801,5648.05,5660.071,5635.28,5652.232,5648.05,5660.071,5635.28,5652.232,5649.299,5661.463,5637.142,5653.546
2025-08-12T09:00:00.000000Z,59550,5652.328,5661.629,5630.69,5641.959,5652.328,5661.629,5630.69,5641.959,5653.681,5663.029,5632.337,5643.113
2025-08-12T13:00:00.000000Z,109423,5642.149,5656.336,5607.776,5623.083,5642.149,5656.336,5607.776,5623.083,5643.084,5657.475,5608.766,5624.245
2025-08-12T17:00:00.000000Z,36570,5623.083,5627.441,5618.64,5622.253,5623.083,5627.441,5618.64,5622.253,5624.34,5628.627,5619.802,5623.542
2025-08-12T21:00:00.000000Z,16451,5625.31,5630.567,5614.711,5617.034,5625.31,5630.567,5614.711,5617.034,5626.857,5632.072,5615.734,5617.907
2025-08-13T01:00:00.000000Z,38594,5617.051,5636.522,5616.368,5625.595,5617.051,5636.522,5616.368,5625.595,5617.957,5637.844,5617.531,5626.44
2025-08-13T05:00:00.000000Z,49593,5625.595,5631.953,5599.433,5614.686,5625.595,5631.953,5599.433,5614.686,5626.535,5633.098,5600.724,5616.001
2025-08-13T09:00:00.000000Z,56214,5614.886,5623.737,5606.365,5617.55,5614.886,5623.737,5606.365,5617.55,5616.125,5625.09,5607.593,5618.448
2025-08-13T13:00:00.000000Z,69882,5617.131,5635.83,5609.935,5618.951,5617.131,5635.83,5609.935,5618.951,5618.164,5637.337,5611.028,5619.927
2025-08-13T17:00:00.000000Z,28176,5619.045,5623.408,5610.409,5615.111,5619.045,5623.408,5610.409,5615.111,5619.893,5624.363,5611.592,5616.57
2025-08-13T21:00:00.000000Z,18174,5618.73,5638.952,5617.67,5630.609,5618.73,5638.952,5617.67,5630.609,5620.074,5640.419,5618.8,5631.896
2025-08-14T01:00:00.000000Z,44627,5630.452,5633.38,5612.492,5621.224,5630.452,5633.38,5612.492,5621.224,5631.823,5634.846,5613.679,5622.557
2025-08-14T05:00:00.000000Z,59990,5621.24,5647.356,5610.893,5625.098,5621.24,5647.356,5610.893,5625.098,5622.591,5648.637,5612.155,5626.245
2025-08-14T09:00:00.000000Z,61721,5625.004,5651.39,5623.043,5648.667,5625.004,5651.39,5623.043,5648.667,5626.245,5652.483,5624.212,5649.962
2025-08-14T13:00:00.000000Z,88745,5648.667,5662.932,5630.234,5638.674,5648.667,5662.932,5630.234,5638.674,5649.867,5664.623,5631.439,5639.909
2025-08-14T17:00:00.000000Z,33569,5638.708,5646.694,5633.32,5635.191,5638.708,5646.694,5633.32,5635.191,5639.909,5647.704,5634.381,5636.869
2025-08-14T21:00:00.000000Z,13465,5634.972,5638.311,5627.676,5635.334,5634.972,5638.311,5627.676,5635.334,5636.622,5639.54,5628.926,5636.412
2025-08-15T01:00:00.000000Z,32910,5635.239,5653.272,5629.881,5649.504,5635.239,5653.272,5629.881,5649.504,5636.496,5654.422,5631.132,5650.806
2025-08-15T05:00:00.000000Z,39867,5649.504,5655.585,5632.041,5636.443,5649.504,5655.585,5632.041,5636.443,5650.84,5656.936,5633.196,5637.906
2025-08-15T09:00:00.000000Z,48123,5636.538,5643.849,5627.342,5636.432,5636.538,5643.849,5627.342,5636.432,5637.906,5644.982,5628.609,5637.833
2025-08-15T13:00:00.000000Z,61118,5636.594,5639.07,5617.646,5631.582,5636.594,5639.07,5617.646,5631.582,5637.901,5640.457,5618.827,5632.636
2025-08-15T17:00:00.000000Z,24391,5631.633,5636.932,5627.293,5630.846,5631.633,5636.932,5627.293,5630.846,5632.67,5637.784,5628.688,5633.199
2025-08-17T21:00:00.000000Z,18617,5628.144,5633.68,5607.349,5631.164,5628.144,5633.68,5607.349,5631.164,5630.061,5635.267,5608.739,5632.285
2025-08-18T01:00:00.000000Z,40316,5630.995,5653.479,5627.488,5652.183,5630.995,5653.479,5627.488,5652.183,5632.296,5654.74,5628.76,5653.724
2025-08-18T05:00:00.000000Z,47946,5652.183,5653.327,5631.52,5636.838,5652.183,5653.327,5631.52,5636.838,5653.646,5654.684,5632.61,5637.824
2025-08-18T09:00:00.000000Z,42256,5636.737,5644.662,5634.428,5638.145,5636.737,5644.662,5634.428,5638.145,5637.824,5645.771,5635.65,5639.209
2025-08-18T13:00:00.000000Z,64560,5637.909,5641.37,5622.718,5631.804,5637.909,5641.37,5622.718,5631.804,5638.99,5642.458,5623.928,5632.926
2025-08-18T17:00:00.000000Z,23548,5631.855,5632.374,5621.911,5626.995,5631.855,5632.374,5621.911,5626.995,5632.926,5633.591,5623.111,5628.469
2025-08-18T21:00:00.000000Z,16803,5627.423,5633.402,5612.52,5626.2,5627.423,5633.402,5612.52,5626.2,5629.094,5634.775,5613.702,5627.72
2025-08-19T01:00:00.000000Z,39323,5626.295,5637.547,5618.201,5632.006,5626.295,5637.547,5618.201,5632.006,5627.72,5638.814,5619.74,5633.503
2025-08-19T05:00:00.000000Z,38630,5632.006,5644.21,5626.523,5639.263,5632.006,5644.21,5626.523,5639.263,5633.408,5645.58,5627.762,5640.779
2025-08-19T09:00:00.000000Z,35418,5639.202,5645.452,5627.307,5630.763,5639.202,5645.452,5627.307,5630.763,5640.683,5646.841,5628.373,5631.974
2025-08-19T13:00:00.000000Z,64219,5630.97,5641.451,5618.28,5622.584,5630.97,5641.451,5618.28,5622.584,5631.974,5642.49,5619.436,5623.752
2025-08-19T17:00:00.000000Z,26742,5622.584,5632.86,5616.756,5625.443,5622.584,5632.86,5616.756,5625.443,5623.657,5634.069,5617.659,5627.265
2025-08-19T21:00:00.000000Z,14857,5626.249,5629.723,5618.002,5626.797,5626.249,5629.723,5618.002,5626.797,5627.713,5630.982,5619.462,5628.159
2025-08-20T01:00:00.000000Z,47954,5626.814,5698.864,5620.577,5694.563,5626.814,5698.864,5620.577,5694.563,5628.367,5699.998,5621.746,5695.909
2025-08-20T05:00:00.000000Z,44784,5694.356,5716.085,5690.165,5703.473,5694.356,5716.085,5690.165,5703.473,5695.65,5717.379,5691.664,5704.428
2025-08-20T09:00:00.000000Z,49170,5703.473,5729.992,5700.348,5726.681,5703.473,5729.992,5700.348,5726.681,5704.624,5731.228,5701.623,5727.947
2025-08-20T13:00:00.000000Z,60638,5726.681,5751.226,5723.949,5738.526,5726.681,5751.226,5723.949,5738.526,5727.93,5751.898,5725.236,5739.823
2025-08-20T17:00:00.000000Z,26646,5738.56,5753.005,5734.881,5749.029,5738.56,5753.005,5734.881,5749.029,5739.857,5754.489,5736.208,5750.907
2025-08-20T21:00:00.000000Z,16138,5754.567,5758.44,5738.232,5741.024,5754.567,5758.44,5738.232,5741.024,5756.128,5759.645,5739.671,5742.172
2025-08-21T01:00:00.000000Z,31619,5741.075,5748.417,5731.313,5737.726,5741.075,5748.417,5731.313,5737.726,5742.326,5749.596,5732.58,5739.231
2025-08-21T05:00:00.000000Z,38126,5737.761,5741.368,5723.875,5733.829,5737.761,5741.368,5723.875,5733.829,5739.248,5742.525,5724.837,5734.672
2025-08-21T09:00:00.000000Z,47264,5733.864,5742.273,5705.999,5741.306,5733.864,5742.273,5705.999,5741.306,5734.724,5743.709,5707.127,5742.488
2025-08-21T13:00:00.000000Z,77058,5741.374,5751.862,5730.776,5741.034,5741.374,5751.862,5730.776,5741.034,5742.574,5753.115,5732.013,5742.17
2025-08-21T17:00:00.000000Z,27119,5741.103,5746.1,5730.786,5736.969,5741.103,5746.1,5730.786,5736.969,5742.204,5747.262,5732.093,5738.589
2025-08-21T21:00:00.000000Z,13734,5739.267,5743.361,5730.817,5742.575,5739.267,5743.361,5730.817,5742.575,5741.188,5744.866,5732.077,5743.865
2025-08-22T01:00:00.000000Z,34237,5742.575,5744.795,5725.934,5731.68,5742.575,5744.795,5725.934,5731.68,5743.883,5746.056,5727.312,5733.087
2025-08-22T05:00:00.000000Z,43408,5731.779,5741.519,5722.035,5725.599,5731.779,5741.519,5722.035,5725.599,5733.087,5742.69,5723.205,5726.971
2025-08-22T09:00:00.000000Z,42037,5725.698,5740.706,5716.403,5720.569,5725.698,5740.706,5716.403,5720.569,5726.872,5741.74,5717.487,5721.872
2025-08-22T13:00:00.000000Z,102888,5720.552,5761.444,5716.951,5744.411,5720.552,5761.444,5716.951,5744.411,5721.82,5762.726,5718.101,5745.656
2025-08-22T17:00:00.000000Z,32222,5744.462,5751.783,5741.646,5743.62,5744.462,5751.783,5741.646,5743.62,5745.691,5752.65,5742.921,5746.675
2025-08-24T21:00:00.000000Z,13611,5738.595,5746.328,5735.743,5737.225,5738.595,5746.328,5735.743,5737.225,5740.64,5747.591,5736.968,5738.527
2025-08-25T01:00:00.000000Z,29204,5737.328,5747.512,5735.448,5738.642,5737.328,5747.512,5735.448,5738.642,5738.646,5748.892,5736.63,5739.505
2025-08-25T05:00:00.000000Z,28318,5738.574,5741.019,5726.716,5733.476,5738.574,5741.019,5726.716,5733.476,5739.534,5742.499,5727.692,5734.76
2025-08-25T09:00:00.000000Z,26459,5733.574,5748.337,5732.198,5736.497,5733.574,5748.337,5732.198,5736.497,5734.841,5749.52,5733.236,5737.683
2025-08-25T13:00:00.000000Z,52170,5736.526,5754.514,5731.368,5753.839,5736.526,5754.514,5731.368,5753.839,5737.683,5755.778,5732.545,5754.97
2025-08-25T17:00:00.000000Z,29923,5753.856,5763.939,5749.036,5753.041,5753.856,5763.939,5749.036,5753.041,5754.97,5764.84,5750.348,5754.661
2025-08-25T21:00:00.000000Z,36017,5754.169,5782.841,5728.697,5777.211,5754.169,5782.841,5728.697,5777.211,5756.02,5784.201,5730.149,5778.604
2025-08-26T01:00:00.000000Z,48630,5777.211,5785.968,5763.169,5781.898,5777.211,5785.968,5763.169,5781.898,5778.618,5787.257,5764.494,5783.238
2025-08-26T05:00:00.000000Z,51646,5781.898,5785.577,5767.767,5781.921,5781.898,5785.577,5767.767,5781.921,5783.139,5786.773,5769.009,5783.21
2025-08-26T09:00:00.000000Z,53631,5781.921,5781.921,5757.167,5759.191,5781.921,5781.921,5757.167,5759.191,5783.094,5783.193,5758.355,5760.285
2025-08-26T13:00:00.000000Z,71320,5759.093,5779.495,5753.276,5769.859,5759.093,5779.495,5753.276,5769.859,5760.285,5780.794,5754.693,5770.786
2025-08-26T17:00:00.000000Z,30439,5769.91,5789.919,5766.557,5789.627,5769.91,5789.919,5766.557,5789.627,5770.739,5791.618,5767.454,5791.386
2025-08-26T21:00:00.000000Z,15624,5785.404,5793.474,5780.468,5789.215,5785.404,5793.474,5780.468,5789.215,5786.796,5794.638,5781.77,5790.52
2025-08-27T01:00:00.000000Z,40716,5789.215,5789.359,5772.359,5774.283,5789.215,5789.359,5772.359,5774.283,5790.503,5790.878,5773.343,5775.506
2025-08-27T05:00:00.000000Z,45458,5774.317,5807.29,5771.243,5805.951,5774.317,5807.29,5771.243,5805.951,5775.506,5808.578,5772.527,5807.142
2025-08-27T09:00:00.000000Z,53419,5805.951,5810.029,5792.616,5803.318,5805.951,5810.029,5792.616,5803.318,5807.242,5811.308,5794.098,5804.609
2025-08-27T13:00:00.000000Z,72197,5803.352,5807.063,5790.424,5792.705,5803.352,5807.063,5790.424,5792.705,5804.626,5808.145,5791.745,5793.821
2025-08-27T17:00:00.000000Z,30902,5792.688,5799.938,5788.478,5798.679,5792.688,5799.938,5788.478,5798.679,5793.786,5801.202,5789.788,5800.758
2025-08-27T21:00:00.000000Z,17326,5801.574,5801.796,5788.375,5788.375,5801.574,5801.796,5788.375,5788.375,5802.821,5803.282,5789.49,5789.49
2025-08-28T01:00:00.000000Z,45154,5788.375,5788.682,5774.87,5785.249,5788.375,5788.682,5774.87,5785.249,5789.525,5790.174,5775.948,5786.532
2025-08-28T05:00:00.000000Z,51647,5785.249,5801.042,5779.954,5796.478,5785.249,5801.042,5779.954,5796.478,5786.631,5802.613,5781.193,5797.484
2025-08-28T09:00:00.000000Z,61500,5796.478,5802.69,5778.33,5783.213,5796.478,5802.69,5778.33,5783.213,5797.583,5804.296,5779.55,5784.565
2025-08-28T13:00:00.000000Z,82213,5783.264,5811.274,5778.76,5800.253,5783.264,5811.274,5778.76,5800.253,5784.762,5812.182,5780.637,5801.268
2025-08-28T17:00:00.000000Z,40538,5800.352,5816.546,5796.362,5806.014,5800.352,5816.546,5796.362,5806.014,5801.367,5817.419,5797.37,5808.03
2025-08-28T21:00:00.000000Z,15463,5806.434,5810.005,5796.558,5796.778,5806.434,5810.005,5796.558,5796.778,5810.299,5811.943,5798.045,5798.045
2025-08-29T01:00:00.000000Z,44736,5796.778,5798.761,5783.941,5784.508,5796.778,5798.761,5783.941,5784.508,5798.011,5800.079,5785.21,5785.902
2025-08-29T05:00:00.000000Z,47060,5784.729,5793.971,5783.452,5786.008,5784.729,5793.971,5783.452,5786.008,5785.923,5795.338,5784.693,5787.056
2025-08-29T09:00:00.000000Z,61984,5786.008,5804.557,5782.428,5801.962,5786.008,5804.557,5782.428,5801.962,5787.154,5805.668,5783.689,5803.524
2025-08-29T13:00:00.000000Z,102504,5801.945,5844.87,5800.59,5844.189,5801.945,5844.87,5800.59,5844.189,5803.674,5846.103,5801.929,5845.537
2025-08-29T17:00:00.000000Z,50968,5843.934,5854.628,5831.508,5845.724,5843.934,5854.628,5831.508,5845.724,5845.351,5855.536,5832.466,5849.864
2025-08-31T21:00:00.000000Z,18372,5841.615,5854.38,5828.643,5830.325,5841.615,5854.38,5828.643,5830.325,5842.596,5856.136,5830.106,5831.669
2025-09-01T01:00:00.000000Z,79016,5830.144,5900.499,5824.565,5889.036,5830.144,5900.499,5824.565,5889.036,5831.57,5901.46,5826.046,5890.457
2025-09-01T05:00:00.000000Z,72722,5889.036,5912.542,5877.77,5878.969,5889.036,5912.542,5877.77,5878.969,5890.491,5914.216,5878.968,5880.233
2025-09-01T09:00:00.000000Z,57145,5878.952,5882.565,5864.085,5879.51,5878.952,5882.565,5864.085,5879.51,5880.233,5883.772,5865.498,5880.595
2025-09-01T13:00:00.000000Z,51570,5879.595,5900.452,5878.478,5891.983,5879.595,5900.452,5878.478,5891.983,5880.595,5901.4,5879.697,5893.468
2025-09-01T17:00:00.000000Z,9483,5891.983,5896.244,5890.403,5891.784,5891.983,5896.244,5890.403,5891.784,5893.485,5897.539,5891.822,5893.003
2025-09-01T21:00:00.000000Z,25196,5888.466,5901.746,5884.79,5892.821,5888.466,5901.746,5884.79,5892.821,5890.519,5903.309,5886.263,5894.371
2025-09-02T01:00:00.000000Z,72197,5892.821,5950.702,5891.906,5941.67,5892.821,5950.702,5891.906,5941.67,5894.304,5952.378,5893.359,5942.959
2025-09-02T05:00:00.000000Z,84655,5941.653,5944.693,5917.286,5936.316,5941.653,5944.693,5917.286,5936.316,5942.908,5946.822,5918.558,5937.439
2025-09-02T09:00:00.000000Z,92407,5936.418,5970.318,5934.602,5961.129,5936.418,5970.318,5934.602,5961.129,5937.523,5971.768,5936.13,5962.835
2025-09-02T13:00:00.000000Z,118875,5961.352,6018.311,5946.072,6014.194,5961.352,6018.311,5946.072,6014.194,5963.091,6019.384,5947.603,6015.505
2025-09-02T17:00:00.000000Z,50362,6014.194,6037.327,6004.596,6023.176,6014.194,6037.327,6004.596,6023.176,6015.539,6037.955,6005.617,6025.292
2025-09-02T21:00:00.000000Z,26868,6021.744,6054.657,6015.022,6036.804,6021.744,6054.657,6015.022,6036.804,6023.773,6056.637,6017.05,6038.269
2025-09-03T01:00:00.000000Z,64612,6036.701,6052.351,6023.507,6033.567,6036.701,6052.351,6023.507,6033.567,6038.269,6054.143,6024.7,6034.76
2025-09-03T05:00:00.000000Z,67919,6033.602,6044.381,6025.779,6037.808,6033.602,6044.381,6025.779,6037.808,6034.879,6045.784,6027.468,6039.0
2025-09-03T09:00:00.000000Z,75852,6037.911,6053.448,6022.94,6050.557,6037.911,6053.448,6022.94,6050.557,6039.0,6054.852,6024.291,6051.767
2025-09-03T13:00:00.000000Z,107320,6050.557,6075.505,6043.676,6075.042,6050.557,6075.505,6043.676,6075.042,6051.75,6076.66,6045.037,6076.336
2025-09-03T17:00:00.000000Z,61675,6075.041,6086.915,6052.939,6053.434,6075.041,6086.915,6052.939,6053.434,6076.336,6087.903,6054.694,6055.121
2025-09-03T21:00:00.000000Z,29010,6055.684,6063.813,6038.501,6053.211,6055.684,6063.813,6038.501,6053.211,6057.85,6065.108,6040.134,6054.434
2025-09-04T01:00:00.000000Z,73489,6052.954,6055.978,5977.043,6019.622,6052.954,6055.978,5977.043,6019.622,6054.553,6057.098,5979.203,6020.796
2025-09-04T05:00:00.000000Z,63883,6019.656,6044.771,6004.917,6033.508,6019.656,6044.771,6004.917,6033.508,6020.796,6045.825,6006.005,6034.938
2025-09-04T09:00:00.000000Z,67492,6033.457,6068.069,6032.652,6059.008,6033.457,6068.069,6032.652,6059.008,6035.092,6068.973,6033.98,6060.168
2025-09-04T13:00:00.000000Z,102666,6058.973,6093.396,6045.674,6086.571,6058.973,6093.396,6045.674,6086.571,6059.707,6094.439,6046.817,6087.753
2025-09-04T17:00:00.000000Z,39816,6086.589,6089.838,6060.909,6063.769,6086.589,6089.838,6060.909,6063.769,6087.736,6091.141,6062.636,6065.859
2025-09-04T21:00:00.000000Z,26176,6061.653,6077.283,6053.86,6064.687,6061.653,6077.283,6053.86,6064.687,6063.685,6078.596,6055.399,6065.898
2025-09-05T01:00:00.000000Z,51804,6064.445,6074.087,6048.131,6072.626,6064.445,6074.087,6048.131,6072.626,6065.846,6075.108,6049.751,6073.736
2025-09-05T05:00:00.000000Z,59418,6072.489,6075.629,6030.266,6033.325,6072.489,6075.629,6030.266,6033.325,6073.753,6077.029,6031.67,6034.277
2025-09-05T09:00:00.000000Z,79104,6033.222,6086.401,6033.018,6066.532,6033.222,6086.401,6033.018,6066.532,6034.277,6087.943,6034.141,6067.858
2025-09-05T13:00:00.000000Z,137125,6066.634,6098.156,6052.35,6092.079,6066.634,6098.156,6052.35,6092.079,6068.062,6099.467,6053.673,6093.338
2025-09-05T17:00:00.000000Z,65941,6092.18,6107.367,6082.61,6082.936,6092.18,6107.367,6082.61,6082.936,6093.594,6108.595,6085.21,6086.631
2025-09-07T21:00:00.000000Z,40676,6096.118,6109.574,6091.785,6100.976,6096.118,6109.574,6091.785,6100.976,6098.479,6111.35,6092.773,6102.237
2025-09-08T01:00:00.000000Z,75171,6100.772,6104.261,6067.665,6068.209,6100.772,6104.261,6067.665,6068.209,6102.102,6106.154,6068.732,6069.687
2025-09-08T05:00:00.000000Z,68796,6068.277,6102.065,6065.588,6095.672,6068.277,6102.065,6065.588,6095.672,6069.669,6103.589,6066.999,6096.929
2025-09-08T09:00:00.000000Z,58153,6095.672,6113.839,6083.808,6100.538,6095.672,6113.839,6083.808,6100.538,6096.895,6115.352,6085.536,6101.861
2025-09-08T13:00:00.000000Z,101955,6100.942,6139.848,6092.556,6135.973,6100.942,6139.848,6092.556,6135.973,6101.588,6140.916,6093.622,6137.25
2025-09-08T17:00:00.000000Z,45648,6135.973,6137.713,6112.894,6119.685,6135.973,6137.713,6112.894,6119.685,6137.267,6138.718,6114.151,6121.181
2025-09-08T21:00:00.000000Z,23420,6118.823,6121.95,6105.741,6119.972,6118.823,6121.95,6105.741,6119.972,6121.305,6123.186,6107.148,6121.056
2025-09-09T01:00:00.000000Z,66562,6119.939,6148.26,6118.702,6142.616,6119.939,6148.26,6118.702,6142.616,6121.159,6149.699,6120.227,6143.838
2025-09-09T05:00:00.000000Z,77512,6142.447,6145.843,6111.696,6130.005,6142.447,6145.843,6111.696,6130.005,6143.586,6146.777,6113.322,6131.074
2025-09-09T09:00:00.000000Z,63617,6130.055,6143.439,6126.315,6138.209,6130.055,6143.439,6126.315,6138.209,6131.309,6144.643,6127.5,6139.377
2025-09-09T13:00:00.000000Z,129258,6138.31,6175.64,6118.781,6146.256,6138.31,6175.64,6118.781,6146.256,6139.613,6176.702,6120.237,6147.208
2025-09-09T17:00:00.000000Z,47791,6146.306,6152.522,6117.743,6117.76,6146.306,6152.522,6117.743,6117.76,6147.394,6153.707,6119.92,6120.161
2025-09-09T21:00:00.000000Z,28154,6120.472,6143.795,6110.548,6113.737,6120.472,6143.795,6110.548,6113.737,6122.464,6145.428,6111.94,6115.178
2025-09-10T01:00:00.000000Z,54383,6113.804,6130.06,6110.511,6123.117,6113.804,6130.06,6110.511,6123.117,6115.262,6131.554,6112.291,6124.439
2025-09-10T05:00:00.000000Z,58088,6123.272,6145.15,6119.533,6138.478,6123.272,6145.15,6119.533,6138.478,6124.542,6146.51,6121.173,6139.683
2025-09-10T09:00:00.000000Z,66786,6138.411,6158.105,6121.472,6130.131,6138.411,6158.105,6121.472,6130.131,6139.683,6159.621,6123.112,6131.236
2025-09-10T13:00:00.000000Z,96954,6130.061,6137.386,6112.519,6124.972,6130.061,6137.386,6112.519,6124.972,6131.269,6138.627,6113.822,6126.077
2025-09-10T17:00:00.000000Z,46418,6125.075,6132.061,6118.351,6128.047,6125.075,6132.061,6118.351,6128.047,6126.161,6133.161,6119.334,6129.642
2025-09-10T21:00:00.000000Z,18253,6133.664,6140.917,6120.06,6137.882,6133.664,6140.917,6120.06,6137.882,6135.502,6142.124,6121.567,6139.087
2025-09-11T01:00:00.000000Z,45242,6137.882,6142.734,6113.236,6114.246,6137.882,6142.734,6113.236,6114.246,6138.984,6143.621,6114.698,6115.585
2025-09-11T05:00:00.000000Z,64410,6114.229,6132.652,6107.864,6116.722,6114.229,6132.652,6107.864,6116.722,6115.585,6134.131,6109.123,6117.672
2025-09-11T09:00:00.000000Z,80806,6116.773,6132.148,6100.059,6104.801,6116.773,6132.148,6100.059,6104.801,6117.672,6133.287,6101.264,6105.834
2025-09-11T13:00:00.000000Z,107346,6105.1,6115.909,6080.671,6087.991,6105.1,6115.909,6080.671,6087.991,6106.37,6117.176,6081.788,6088.752
2025-09-11T17:00:00.000000Z,41387,6087.973,6089.58,6076.924,6078.949,6087.973,6089.58,6076.924,6078.949,6088.869,6090.428,6078.294,6081.127
2025-09-11T21:00:00.000000Z,19008,6081.944,6089.731,6074.775,6084.013,6081.944,6089.731,6074.775,6084.013,6083.951,6090.764,6075.892,6085.111
2025-09-12T01:00:00.000000Z,55392,6084.078,6126.371,6083.725,6123.407,6084.078,6126.371,6083.725,6123.407,6085.277,6127.737,6084.824,6124.689
2025-09-12T05:00:00.000000Z,58142,6123.202,6125.656,6109.275,6117.161,6123.202,6125.656,6109.275,6117.161,6124.484,6126.955,6110.445,6118.061
2025-09-12T09:00:00.000000Z,68343,6117.061,6133.189,6110.12,6130.358,6117.061,6133.189,6110.12,6130.358,6118.129,6134.31,6111.219,6131.799
2025-09-12T13:00:00.000000Z,83041,6130.593,6140.941,6120.174,6130.117,6130.593,6140.941,6120.174,6130.117,6131.763,6142.378,6121.514,6131.542
2025-09-12T17:00:00.000000Z,35105,6130.134,6131.234,6113.703,6114.074,6130.134,6131.234,6113.703,6114.074,6131.353,6132.504,6115.103,6118.429
2025-09-14T21:00:00.000000Z,18065,6119.692,6121.714,6098.637,6101.49,6119.692,6121.714,6098.637,6101.49,6121.516,6123.0,6099.652,6102.759
2025-09-15T01:00:00.000000Z,48217,6101.49,6118.301,6089.168,6112.925,6101.49,6118.301,6089.168,6112.925,6102.656,6119.757,6090.281,6114.141
2025-09-15T05:00:00.000000Z,56494,6112.823,6122.384,6094.931,6116.23,6112.823,6122.384,6094.931,6116.23,6114.039,6123.772,6095.997,6117.266
2025-09-15T09:00:00.000000Z,66510,6116.23,6119.596,6095.198,6118.106,6116.23,6119.596,6095.198,6118.106,6117.06,6120.689,6095.909,6119.424
2025-09-15T13:00:00.000000Z,96148,6118.156,6176.045,6114.554,6167.532,6118.156,6176.045,6114.554,6167.532,6119.491,6176.946,6116.019,6168.548
2025-09-15T17:00:00.000000Z,43687,6167.683,6171.207,6154.287,6160.441,6167.683,6171.207,6154.287,6160.441,6168.732,6172.024,6155.19,6162.363
2025-09-15T21:00:00.000000Z,19982,6162.744,6182.709,6156.868,6182.023,6162.744,6182.709,6156.868,6182.023,6164.384,6184.12,6158.393,6183.481
2025-09-16T01:00:00.000000Z,48816,6182.14,6187.242,6164.089,6178.484,6182.14,6187.242,6164.089,6178.484,6183.682,6188.835,6165.358,6179.651
2025-09-16T05:00:00.000000Z,55044,6178.484,6194.062,6165.038,6190.54,6178.484,6194.062,6165.038,6190.54,6179.858,6195.162,6166.336,6191.636
2025-09-16T09:00:00.000000Z,66586,6190.644,6194.56,6173.96,6177.9,6190.644,6194.56,6173.96,6177.9,6191.636,6195.538,6175.142,6179.189
2025-09-16T13:00:00.000000Z,110275,6177.953,6190.805,6156.597,6163.945,6177.953,6190.805,6156.597,6163.945,6179.189,6191.936,6157.632,6164.741
2025-09-16T17:00:00.000000Z,35981,6164.045,6167.177,6155.534,6161.063,6164.045,6167.177,6155.534,6161.063,6164.741,6168.547,6156.597,6162.722
2025-09-16T21:00:00.000000Z,14914,6163.659,6174.524,6162.17,6169.794,6163.659,6174.524,6162.17,6169.794,6165.38,6175.739,6163.348,6171.023
2025-09-17T01:00:00.000000Z,49932,6169.861,6172.465,6147.612,6156.384,6169.861,6172.465,6147.612,6156.384,6171.106,6173.398,6149.025,6157.446
2025-09-17T05:00:00.000000Z,63662,6156.281,6163.651,6132.577,6135.345,6156.281,6163.651,6132.577,6135.345,6157.446,6164.666,6133.539,6136.395
2025-09-17T09:00:00.000000Z,67443,6135.345,6146.838,6125.042,6145.229,6135.345,6146.838,6125.042,6145.229,6136.292,6148.033,6126.324,6146.529
2025-09-17T13:00:00.000000Z,80814,6145.429,6176.307,6137.69,6172.348,6145.429,6176.307,6137.69,6172.348,6146.879,6177.135,6138.689,6173.436
2025-09-17T17:00:00.000000Z,115885,6172.261,6174.726,6099.419,6137.508,6172.261,6174.726,6099.419,6137.508,6173.469,6175.761,6104.013,6139.102
2025-09-17T21:00:00.000000Z,28642,6135.583,6190.162,6130.691,6189.297,6135.583,6190.162,6130.691,6189.297,6136.931,6191.13,6132.117,6190.418
2025-09-18T01:00:00.000000Z,60613,6189.776,6191.972,6165.079,6179.359,6189.776,6191.972,6165.079,6179.359,6190.691,6193.447,6166.539,6180.399
2025-09-18T05:00:00.000000Z,78988,6179.376,6220.134,6155.145,6219.676,6179.376,6220.134,6155.145,6219.676,6180.382,6221.503,6156.654,6220.858
2025-09-18T09:00:00.000000Z,68963,6219.574,6223.816,6203.49,6216.888,6219.574,6223.816,6203.49,6216.888,6220.769,6225.146,6204.719,6218.016
2025-09-18T13:00:00.000000Z,113935,6216.777,6219.209,6175.474,6198.979,6216.777,6219.209,6175.474,6198.979,6217.731,6220.49,6176.598,6199.709
2025-09-18T17:00:00.000000Z,40054,6198.911,6200.339,6188.617,6194.097,6198.911,6200.339,6188.617,6194.097,6199.692,6201.416,6189.761,6195.809
2025-09-18T21:00:00.000000Z,16360,6191.738,6192.536,6175.452,6185.161,6191.738,6192.536,6175.452,6185.161,6193.973,6194.744,6176.862,6186.339
2025-09-19T01:00:00.000000Z,64822,6184.74,6234.468,6181.659,6231.571,6184.74,6234.468,6181.659,6231.571,6186.023,6235.721,6183.206,6232.872
2025-09-19T05:00:00.000000Z,65105,6231.606,6234.214,6211.407,6220.006,6231.606,6234.214,6211.407,6220.006,6232.766,6235.378,6212.668,6220.914
2025-09-19T09:00:00.000000Z,58633,6219.846,6230.471,6216.058,6229.108,6219.846,6230.471,6216.058,6229.108,6220.842,6231.67,6217.253,6230.034
2025-09-19T13:00:00.000000Z,101655,6228.728,6275.398,6216.399,6260.549,6228.728,6275.398,6216.399,6260.549,6229.881,6276.638,6217.597,6261.694
2025-09-19T17:00:00.000000Z,47335,6260.464,6293.804,6260.191,6290.224,6260.464,6293.804,6260.191,6290.224,6261.609,6295.295,6261.279,6293.294
2025-09-21T21:00:00.000000Z,22171,6295.365,6309.36,6288.395,6308.888,6295.365,6309.36,6288.395,6308.888,6296.703,6310.654,6290.301,6310.182
2025-09-22T01:00:00.000000Z,57380,6308.922,6316.403,6293.345,6300.589,6308.922,6316.403,6293.345,6300.589,6310.25,6317.875,6294.59,6302.017
2025-09-22T05:00:00.000000Z,68837,6300.589,6355.302,6300.179,6349.045,6300.589,6355.302,6300.179,6349.045,6302.052,6356.243,6301.415,6349.827
2025-09-22T09:00:00.000000Z,65769,6348.834,6363.207,6334.736,6347.404,6348.834,6363.207,6334.736,6347.404,6349.912,6364.168,6336.052,6348.749
2025-09-22T13:00:00.000000Z,105730,6347.421,6378.52,6340.715,6373.115,6347.421,6378.52,6340.715,6373.115,6348.76,6379.673,6341.98,6374.216
2025-09-22T17:00:00.000000Z,46854,6373.006,6387.593,6372.552,6383.617,6373.006,6387.593,6372.552,6383.617,6374.216,6388.78,6373.914,6385.171
2025-09-22T21:00:00.000000Z,20011,6383.484,6393.515,6370.035,6390.01,6383.484,6393.515,6370.035,6390.01,6385.011,6394.599,6371.424,6390.649
2025-09-23T01:00:00.000000Z,65077,6389.942,6412.135,6381.043,6402.945,6389.942,6412.135,6381.043,6402.945,6390.563,6413.696,6382.515,6404.305
2025-09-23T05:00:00.000000Z,71669,6403.297,6440.574,6401.872,6437.683,6403.297,6440.574,6401.872,6437.683,6404.419,6441.614,6403.514,6438.915
2025-09-23T09:00:00.000000Z,79335,6437.666,6462.65,6437.317,6454.351,6437.666,6462.65,6437.317,6454.351,6439.059,6463.652,6438.347,6455.804
2025-09-23T13:00:00.000000Z,106092,6454.053,6469.147,6429.472,6450.195,6454.053,6469.147,6429.472,6450.195,6455.702,6470.167,6430.791,6451.505
2025-09-23T17:00:00.000000Z,69234,6450.392,6458.382,6407.949,6424.219,6450.392,6458.382,6407.949,6424.219,6451.685,6459.486,6409.285,6425.867
2025-09-23T21:00:00.000000Z,19524,6424.891,6435.733,6420.49,6429.438,6424.891,6435.733,6420.49,6429.438,6427.981,6436.925,6421.577,6430.901
2025-09-24T01:00:00.000000Z,53556,6429.404,6442.69,6396.878,6430.061,6429.404,6442.69,6396.878,6430.061,6430.901,6444.351,6397.81,6431.277
2025-09-24T05:00:00.000000Z,51144,6430.249,6454.542,6429.093,6447.292,6430.249,6454.542,6429.093,6447.292,6431.618,6455.622,6430.589,6448.527
2025-09-24T09:00:00.000000Z,58319,6447.138,6469.129,6439.156,6464.616,6447.138,6469.129,6439.156,6464.616,6448.373,6470.401,6440.424,6465.528
2025-09-24T13:00:00.000000Z,103597,6464.505,6477.483,6423.422,6428.729,6464.505,6477.483,6423.422,6428.729,6465.528,6478.763,6424.24,6429.909
2025-09-24T17:00:00.000000Z,49980,6428.815,6429.501,6397.287,6426.023,6428.815,6429.501,6397.287,6426.023,6429.909,6430.577,6398.346,6427.269
2025-09-24T21:00:00.000000Z,20323,6428.5,6450.231,6428.011,6446.037,6428.5,6450.231,6428.011,6446.037,6430.591,6451.796,6429.605,6447.445
2025-09-25T01:00:00.000000Z,49398,6445.796,6448.259,6404.843,6417.641,6445.796,6448.259,6404.843,6417.641,6447.239,6449.266,6406.206,6418.895
2025-09-25T05:00:00.000000Z,58232,6417.641,6458.459,6413.993,6445.404,6417.641,6458.459,6413.993,6445.404,6418.981,6459.567,6415.162,6446.334
2025-09-25T09:00:00.000000Z,71415,6445.421,6464.956,6434.582,6451.66,6445.421,6464.956,6434.582,6451.66,6446.334,6466.505,6435.597,6452.609
2025-09-25T13:00:00.000000Z,105094,6451.652,6478.003,6442.484,6468.784,6451.652,6478.003,6442.484,6468.784,6452.574,6479.057,6443.488,6469.941
2025-09-25T17:00:00.000000Z,58404,6468.896,6519.593,6467.784,6500.344,6468.896,6519.593,6467.784,6500.344,6469.941,6520.492,6468.882,6501.936
2025-09-25T21:00:00.000000Z,21526,6495.326,6509.09,6485.656,6503.267,6495.326,6509.09,6485.656,6503.267,6497.419,6510.397,6486.997,6504.408
2025-09-26T01:00:00.000000Z,46075,6503.276,6510.215,6473.741,6495.317,6503.276,6510.215,6473.741,6495.317,6504.582,6511.599,6474.89,6496.753
2025-09-26T05:00:00.000000Z,55338,6495.109,6512.428,6482.125,6509.529,6495.109,6512.428,6482.125,6509.529,6496.614,6513.309,6483.456,6510.679
2025-09-26T09:00:00.000000Z,62131,6509.529,6518.847,6500.509,6506.362,6509.529,6518.847,6500.509,6506.362,6510.644,6520.011,6501.486,6507.225
2025-09-26T13:00:00.000000Z,114504,6506.344,6562.854,6501.972,6538.789,6506.344,6562.854,6501.972,6538.789,6507.243,6563.94,6503.2,6540.132
2025-09-26T17:00:00.000000Z,49690,6538.824,6553.843,6509.157,6509.85,6538.824,6553.843,6509.157,6509.85,6540.184,6554.775,6513.036,6514.581
2025-09-28T21:00:00.000000Z,22885,6519.187,6553.566,6512.671,6552.993,6519.187,6553.566,6512.671,6552.993,6522.339,6554.636,6513.897,6554.176
2025-09-29T01:00:00.000000Z,67914,6552.993,6577.326,6523.63,6570.643,6552.993,6577.326,6523.63,6570.643,6554.263,6578.542,6524.77,6571.765
2025-09-29T05:00:00.000000Z,74041,6570.643,6597.926,6565.401,6594.405,6570.643,6597.926,6565.401,6594.405,6571.817,6598.928,6566.755,6595.144
2025-09-29T09:00:00.000000Z,74893,6594.405,6621.712,6577.763,6588.556,6594.405,6621.712,6577.763,6588.556,6595.093,6623.141,6579.089,6589.531
2025-09-29T13:00:00.000000Z,100092,6588.625,6626.064,6586.028,6624.324,6588.625,6626.064,6586.028,6624.324,6589.582,6627.573,6587.26,6625.293
2025-09-29T17:00:00.000000Z,43508,6624.359,6635.969,6610.869,6635.811,6624.359,6635.969,6610.869,6635.811,6625.328,6637.805,6612.072,6637.788
2025-09-29T21:00:00.000000Z,19658,6633.28,6646.923,6620.908,6642.255,6633.28,6646.923,6620.908,6642.255,6635.669,6648.354,6622.593,6643.667
2025-09-30T01:00:00.000000Z,58937,6641.661,6681.204,6633.599,6676.868,6641.661,6681.204,6633.599,6676.868,6643.189,6682.438,6634.7,6678.147
2025-09-30T05:00:00.000000Z,85100,6676.712,6689.907,6563.15,6578.636,6676.712,6689.907,6563.15,6578.636,6677.975,6691.286,6564.833,6580.154
2025-09-30T09:00:00.000000Z,73513,6578.515,6594.064,6546.157,6589.01,6578.515,6594.064,6546.157,6589.01,6579.999,6595.403,6547.578,6590.149
2025-09-30T13:00:00.000000Z,104340,6588.975,6640.799,6580.424,6629.348,6588.975,6640.799,6580.424,6629.348,6590.149,6641.956,6582.084,6630.482
2025-09-30T17:00:00.000000Z,42910,6629.383,6662.048,6622.099,6658.988,6629.383,6662.048,6622.099,6658.988,6630.568,6662.982,6622.894,6660.922
2025-09-30T21:00:00.000000Z,18801,6657.75,6674.757,6650.473,6665.615,6657.75,6674.757,6650.473,6665.615,6659.288,6676.112,6651.625,6667.027
2025-10-01T01:00:00.000000Z,49239,6665.615,6692.817,6653.733,6660.251,6665.615,6692.817,6653.733,6660.251,6666.993,6694.299,6654.872,6661.489
2025-10-01T05:00:00.000000Z,67184,6660.2,6695.742,6639.312,6693.676,6660.2,6695.742,6639.312,6693.676,6661.489,6697.019,6640.555,6694.994
2025-10-01T09:00:00.000000Z,74590,6693.676,6698.362,6636.071,6643.63,6693.676,6698.362,6636.071,6643.63,6695.131,6699.618,6637.207,6644.62
2025-10-01T13:00:00.000000Z,114206,6643.665,6666.519,6631.145,6657.764,6643.665,6666.519,6631.145,6657.764,6644.637,6667.222,6632.696,6658.645
2025-10-01T17:00:00.000000Z,51750,6657.746,6657.867,6629.736,6643.628,6657.746,6657.867,6629.736,6643.628,6658.696,6658.817,6630.777,6645.755
2025-10-01T21:00:00.000000Z,20325,6639.82,6643.254,6629.396,6630.373,6639.82,6643.254,6629.396,6630.373,6642.193,6645.679,6630.672,6631.615
2025-10-02T01:00:00.000000Z,36839,6630.339,6639.189,6618.087,6627.805,6630.339,6639.189,6618.087,6627.805,6631.58,6640.67,6619.508,6629.221
2025-10-02T05:00:00.000000Z,54321,6627.805,6639.635,6612.67,6634.961,6627.805,6639.635,6612.67,6634.961,6629.272,6641.028,6614.159,6636.234
2025-10-02T09:00:00.000000Z,56884,6634.961,6676.697,6633.026,6671.402,6634.961,6676.697,6633.026,6671.402,6636.183,6677.984,6634.23,6672.913
2025-10-02T13:00:00.000000Z,133531,6671.402,6689.03,6580.12,6607.412,6671.402,6689.03,6580.12,6607.412,6672.798,6690.447,6581.062,6608.526
2025-10-02T17:00:00.000000Z,51666,6607.337,6632.228,6601.501,6628.341,6607.337,6632.228,6601.501,6628.341,6608.354,6633.166,6602.553,6630.399
2025-10-02T21:00:00.000000Z,15664,6629.357,6640.524,6621.286,6625.738,6629.357,6640.524,6621.286,6625.738,6631.436,6641.594,6622.328,6627.099
2025-10-03T01:00:00.000000Z,41827,6625.583,6633.638,6592.666,6610.289,6625.583,6633.638,6592.666,6610.289,6626.962,6634.926,6593.879,6611.958
2025-10-03T05:00:00.000000Z,50641,6610.176,6631.95,6608.197,6626.902,6610.176,6631.95,6608.197,6626.902,6611.844,6633.199,6609.359,6627.85
2025-10-03T09:00:00.000000Z,57214,6626.707,6640.889,6607.575,6639.488,6626.707,6640.889,6607.575,6639.488,6627.741,6641.934,6609.308,6640.493
2025-10-03T13:00:00.000000Z,111440,6639.745,6670.633,6634.5,6656.993,6639.745,6670.633,6634.5,6656.993,6640.681,6671.988,6635.499,6657.942
2025-10-03T17:00:00.000000Z,62370,6657.062,6667.913,6651.576,6663.609,6657.062,6667.913,6651.576,6663.609,6657.976,6668.896,6652.645,6666.912
2025-10-05T21:00:00.000000Z,42036,6685.984,6737.411,6675.938,6691.98,6685.984,6737.411,6675.938,6691.98,6689.026,6738.942,6678.524,6692.849
2025-10-06T01:00:00.000000Z,53531,6691.905,6755.632,6691.195,6754.423,6691.905,6755.632,6691.195,6754.423,6692.957,6757.179,6692.252,6756.038
2025-10-06T05:00:00.000000Z,79523,6754.406,6783.936,6728.568,6772.806,6754.406,6783.936,6728.568,6772.806,6756.12,6785.107,6729.844,6774.23
2025-10-06T09:00:00.000000Z,77964,6772.974,6788.25,6740.428,6746.642,6772.974,6788.25,6740.428,6746.642,6774.57,6789.564,6741.76,6747.511
2025-10-06T13:00:00.000000Z,114063,6746.882,6801.043,6736.764,6770.92,6746.882,6801.043,6736.764,6770.92,6747.618,6802.476,6737.859,6771.836
2025-10-06T17:00:00.000000Z,48085,6770.92,6785.846,6764.478,6778.422,6770.92,6785.846,6764.478,6778.422,6772.024,6786.899,6765.951,6780.66
2025-10-06T21:00:00.000000Z,36809,6781.575,6814.064,6780.646,6796.715,6781.575,6814.064,6780.646,6796.715,6783.46,6815.759,6782.331,6798.266
2025-10-07T01:00:00.000000Z,47888,6796.715,6825.638,6783.217,6823.205,6796.715,6825.638,6783.217,6823.205,6798.503,6827.033,6784.452,6824.734
2025-10-07T05:00:00.000000Z,78641,6822.93,6825.352,6785.215,6803.288,6822.93,6825.352,6785.215,6803.288,6824.494,6826.913,6786.677,6804.43
2025-10-07T09:00:00.000000Z,67557,6803.271,6852.465,6802.434,6851.272,6803.271,6852.465,6802.434,6851.272,6804.43,6853.728,6803.765,6852.651
2025-10-07T13:00:00.000000Z,137058,6851.39,6871.012,6821.768,6850.09,6851.39,6871.012,6821.768,6850.09,6852.496,6872.116,6822.994,6851.216
2025-10-07T17:00:00.000000Z,60855,6850.177,6874.416,6848.664,6869.485,6850.177,6874.416,6848.664,6869.485,6851.44,6875.849,6850.247,6871.413
2025-10-07T21:00:00.000000Z,26180,6872.239,6903.126,6869.479,6887.524,6872.239,6903.126,6869.479,6887.524,6874.373,6904.596,6871.698,6888.891
2025-10-08T01:00:00.000000Z,70062,6887.286,7011.664,6887.114,7009.399,6887.286,7011.664,6887.114,7009.399,6889.366,7013.357,6889.366,7011.004
2025-10-08T05:00:00.000000Z,75074,7009.086,7032.349,7003.121,7010.593,7009.086,7032.349,7003.121,7010.593,7010.656,7033.886,7004.479,7011.883
2025-10-08T09:00:00.000000Z,72219,7010.593,7028.623,6975.494,6990.687,7010.593,7028.623,6975.494,6990.687,7011.761,7029.877,6976.831,6991.939
2025-10-08T13:00:00.000000Z,116528,6990.307,7029.614,6962.847,7021.496,6990.307,7029.614,6962.847,7021.496,6991.749,7031.006,6964.322,7022.419
2025-10-08T17:00:00.000000Z,73690,7021.513,7024.987,6971.105,6982.873,7021.513,7024.987,6971.105,6982.873,7022.592,7026.234,6972.631,6985.194
2025-10-08T21:00:00.000000Z,43109,6975.3,6976.043,6918.985,6946.02,6975.3,6976.043,6918.985,6946.02,6977.207,6977.398,6920.185,6947.339
2025-10-09T01:00:00.000000Z,75665,6945.882,6960.995,6908.582,6958.215,6945.882,6960.995,6908.582,6958.215,6947.047,6962.38,6910.261,6959.516
2025-10-09T05:00:00.000000Z,78355,6958.18,7010.619,6948.956,7000.778,6958.18,7010.619,6948.956,7000.778,6959.481,7011.925,6950.239,7001.84
2025-10-09T09:00:00.000000Z,69020,7000.726,7010.651,6980.799,7010.167,7000.726,7010.651,6980.799,7010.167,7001.84,7012.007,6981.999,7011.471
2025-10-09T13:00:00.000000Z,170296,7010.305,7020.657,6905.619,6912.662,7010.305,7020.657,6905.619,6912.662,7011.574,7022.257,6907.461,6914.106
2025-10-09T17:00:00.000000Z,92496,6912.868,6933.948,6868.01,6919.868,6912.868,6933.948,6868.01,6919.868,6914.141,6934.96,6869.337,6922.452
2025-10-09T21:00:00.000000Z,29810,6918.135,6947.364,6887.499,6936.54,6918.135,6947.364,6887.499,6936.54,6920.549,6949.102,6890.178,6938.4
2025-10-10T01:00:00.000000Z,69852,6936.556,6937.432,6860.747,6890.528,6936.556,6937.432,6860.747,6890.528,6938.4,6939.166,6862.166,6891.914
2025-10-10T05:00:00.000000Z,98918,6890.528,6939.249,6876.318,6934.125,6890.528,6939.249,6876.318,6934.125,6891.81,6940.969,6878.135,6935.275
2025-10-10T09:00:00.000000Z,90968,6934.125,6964.379,6920.048,6928.306,6934.125,6964.379,6920.048,6928.306,6935.258,6966.068,6921.779,6929.871
2025-10-10T13:00:00.000000Z,166806,6928.272,7024.716,6908.719,6960.941,6928.272,7024.716,6908.719,6960.941,6929.871,7025.712,6909.781,6962.583
2025-10-10T17:00:00.000000Z,98668,6961.221,7028.377,6949.134,7018.819,6961.221,7028.377,6949.134,7018.819,6962.862,7030.987,6950.921,7023.458
2025-10-12T21:00:00.000000Z,59100,6990.428,7084.566,6979.827,7050.618,6990.428,7084.566,6979.827,7050.618,6995.428,7086.368,6984.827,7052.33
2025-10-13T01:00:00.000000Z,67739,7050.372,7073.376,7036.014,7067.647,7050.372,7073.376,7036.014,7067.647,7052.207,7075.507,7037.918,7069.463
2025-10-13T05:00:00.000000Z,84385,7067.647,7120.397,7065.504,7114.458,7067.647,7120.397,7065.504,7114.458,7069.391,7121.675,7067.198,7115.945
2025-10-13T09:00:00.000000Z,73803,7114.441,7142.797,7096.601,7129.589,7114.441,7142.797,7096.601,7129.589,7115.945,7143.844,7098.09,7131.013
2025-10-13T13:00:00.000000Z,112561,7129.587,7181.015,7125.425,7159.475,7129.587,7181.015,7125.425,7159.475,7131.013,7182.276,7126.698,7160.613
2025-10-13T17:00:00.000000Z,57129,7159.6,7181.676,7139.114,7177.433,7159.6,7181.676,7139.114,7177.433,7160.738,7183.043,7139.901,7179.245
2025-10-13T21:00:00.000000Z,32735,7179.259,7226.741,7169.462,7206.367,7179.259,7226.741,7169.462,7206.367,7181.473,7228.275,7171.289,7208.305
2025-10-14T01:00:00.000000Z,82854,7206.367,7306.243,7204.414,7302.322,7206.367,7306.243,7204.414,7302.322,7208.179,7307.545,7206.082,7303.763
2025-10-14T05:00:00.000000Z,116741,7302.194,7332.556,7183.692,7281.195,7302.194,7332.556,7183.692,7281.195,7303.763,7334.309,7185.783,7282.507
2025-10-14T09:00:00.000000Z,81735,7281.195,7290.835,7209.426,7214.165,7281.195,7290.835,7209.426,7214.165,7282.578,7292.748,7210.513,7215.625
2025-10-14T13:00:00.000000Z,136479,7214.165,7260.493,7198.36,7238.774,7214.165,7260.493,7198.36,7238.774,7215.572,7262.014,7199.7,7240.283
2025-10-14T17:00:00.000000Z,76703,7238.774,7264.131,7234.803,7247.62,7238.774,7264.131,7234.803,7247.62,7240.335,7265.439,7236.29,7249.449
2025-10-14T21:00:00.000000Z,29393,7240.888,7303.669,7240.8,7287.065,7240.888,7303.669,7240.8,7287.065,7243.922,7305.045,7243.87,7288.563
2025-10-15T01:00:00.000000Z,64387,7287.013,7324.46,7279.483,7305.691,7287.013,7324.46,7279.483,7305.691,7288.616,7326.081,7281.844,7307.206
2025-10-15T05:00:00.000000Z,65413,7305.354,7367.1,7299.159,7347.891,7305.354,7367.1,7299.159,7347.891,7306.95,7368.178,7300.808,7349.184
2025-10-15T09:00:00.000000Z,76881,7348.223,7356.499,7276.537,7329.567,7348.223,7356.499,7276.537,7329.567,7349.854,7358.183,7279.019,7331.077
2025-10-15T13:00:00.000000Z,116925,7329.584,7362.969,7302.665,7338.751,7329.584,7362.969,7302.665,7338.751,7330.896,7365.016,7305.063,7340.354
2025-10-15T17:00:00.000000Z,73429,7339.008,7366.483,7327.249,7349.848,7339.008,7366.483,7327.249,7349.848,7340.494,7368.059,7329.047,7352.541
2025-10-15T21:00:00.000000Z,35622,7360.121,7391.875,7339.415,7347.888,7360.121,7391.875,7339.415,7347.888,7362.436,7393.968,7342.166,7349.956
2025-10-16T01:00:00.000000Z,68299,7347.906,7386.22,7339.665,7369.578,7347.906,7386.22,7339.665,7369.578,7349.869,7388.009,7341.592,7371.184
2025-10-16T05:00:00.000000Z,78669,7369.578,7380.509,7319.919,7377.066,7369.578,7380.509,7319.919,7377.066,7371.313,7382.253,7321.776,7378.609
2025-10-16T09:00:00.000000Z,68360,7377.136,7406.285,7363.012,7381.704,7377.136,7406.285,7363.012,7381.704,7378.696,7407.842,7364.771,7383.212
2025-10-16T13:00:00.000000Z,137131,7381.826,7489.022,7379.874,7471.821,7381.826,7489.022,7379.874,7471.821,7383.299,7490.751,7381.48,7473.209
2025-10-16T17:00:00.000000Z,95664,7471.56,7563.03,7463.372,7555.561,7471.56,7563.03,7463.372,7555.561,7473.375,7564.807,7465.606,7558.526
2025-10-16T21:00:00.000000Z,62023,7573.726,7651.005,7564.773,7607.67,7573.726,7651.005,7564.773,7607.67,7577.454,7653.364,7568.116,7609.268
2025-10-17T01:00:00.000000Z,110819,7607.112,7639.74,7473.733,7633.413,7607.112,7639.74,7473.733,7633.413,7608.803,7641.457,7477.018,7634.845
2025-10-17T05:00:00.000000Z,113433,7633.309,7637.703,7534.699,7599.584,7633.309,7637.703,7534.699,7599.584,7635.013,7638.961,7539.699,7601.158
2025-10-17T09:00:00.000000Z,115570,7599.514,7599.706,7476.244,7546.273,7599.514,7599.706,7476.244,7546.273,7601.297,7601.507,7477.981,7548.199
2025-10-17T13:00:00.000000Z,184147,7546.493,7550.08,7338.225,7346.543,7546.493,7550.08,7338.225,7346.543,7548.269,7552.011,7340.486,7348.897
2025-10-17T17:00:00.000000Z,110835,7346.665,7429.635,7314.551,7429.011,7346.665,7429.635,7314.551,7429.011,7349.002,7434.635,7317.872,7434.011
2025-10-19T21:00:00.000000Z,54075,7450.137,7450.929,7359.486,7407.634,7450.137,7450.929,7359.486,7407.634,7455.137,7455.929,7361.343,7409.192
2025-10-20T01:00:00.000000Z,82327,7407.523,7442.159,7368.489,7437.158,7407.523,7442.159,7368.489,7437.158,7409.105,7443.936,7370.577,7438.44
2025-10-20T05:00:00.000000Z,92337,7436.513,7438.67,7362.651,7420.408,7436.513,7438.67,7362.651,7420.408,7438.049,7440.422,7364.589,7421.941
2025-10-20T09:00:00.000000Z,84124,7420.729,7547.268,7407.34,7540.79,7420.729,7547.268,7407.34,7540.79,7422.063,7548.86,7408.88,7542.677
2025-10-20T13:00:00.000000Z,128083,7541.784,7576.929,7482.219,7562.491,7541.784,7576.929,7482.219,7562.491,7543.689,7578.429,7483.92,7563.905
2025-10-20T17:00:00.000000Z,82210,7562.456,7625.836,7545.654,7582.002,7562.456,7625.836,7545.654,7582.002,7563.871,7627.578,7547.433,7585.038
2025-10-20T21:00:00.000000Z,36856,7598.209,7613.7,7579.831,7595.95,7598.209,7613.7,7579.831,7595.95,7602.268,7615.41,7581.486,7597.776
2025-10-21T01:00:00.000000Z,73895,7595.95,7603.563,7543.57,7577.614,7595.95,7603.563,7543.57,7577.614,7597.644,7605.171,7545.141,7579.286
2025-10-21T05:00:00.000000Z,112504,7576.916,7590.64,7429.574,7477.378,7576.916,7590.64,7429.574,7477.378,7578.867,7592.28,7432.908,7478.218
2025-10-21T09:00:00.000000Z,101886,7477.518,7483.467,7347.394,7348.918,7477.518,7483.467,7347.394,7348.918,7478.393,7484.7,7349.013,7350.613
2025-10-21T13:00:00.000000Z,185707,7349.081,7375.407,7120.161,7162.152,7349.081,7375.407,7120.161,7162.152,7350.777,7376.963,7124.004,7163.954
2025-10-21T17:00:00.000000Z,90874,7161.996,7193.799,7131.67,7183.335,7161.996,7193.799,7131.67,7183.335,7163.888,7195.539,7134.325,7185.493
2025-10-21T21:00:00.000000Z,65333,7181.155,7189.728,6971.579,7096.614,7181.155,7189.728,6971.579,7096.614,7184.486,7191.172,6974.802,7099.339
2025-10-22T01:00:00.000000Z,86281,7096.738,7204.847,7076.318,7176.598,7096.738,7204.847,7076.318,7176.598,7099.392,7207.213,7078.951,7178.262
2025-10-22T05:00:00.000000Z,110683,7176.963,7225.886,7054.68,7081.266,7176.963,7225.886,7054.68,7081.266,7178.088,7227.569,7059.68,7083.708
2025-10-22T09:00:00.000000Z,126659,7081.424,7132.944,6994.772,7023.804,7081.424,7132.944,6994.772,7023.804,7083.464,7134.533,6996.952,7025.932
2025-10-22T13:00:00.000000Z,156837,7023.77,7109.1,6984.917,7061.008,7023.77,7109.1,6984.917,7061.008,7026.019,7111.511,6986.435,7062.702
2025-10-22T17:00:00.000000Z,86421,7060.973,7167.171,7039.498,7141.542,7060.973,7167.171,7039.498,7141.542,7062.65,7168.657,7041.139,7143.754
2025-10-22T21:00:00.000000Z,55149,7159.529,7160.635,7089.118,7109.825,7159.529,7160.635,7089.118,7109.825,7163.314,7164.272,7091.375,7111.503
2025-10-23T01:00:00.000000Z,78126,7109.894,7152.235,7091.21,7135.425,7109.894,7152.235,7091.21,7135.425,7111.59,7154.062,7092.712,7137.513
2025-10-23T05:00:00.000000Z,93356,7135.565,7209.118,7122.501,7164.698,7135.565,7209.118,7122.501,7164.698,7137.618,7210.564,7124.612,7165.624
2025-10-23T09:00:00.000000Z,72593,7164.907,7185.626,7141.189,7183.931,7164.907,7185.626,7141.189,7183.931,7165.763,7187.205,7142.57,7185.016
2025-10-23T13:00:00.000000Z,115409,7184.175,7227.006,7176.735,7190.373,7184.175,7227.006,7176.735,7190.373,7185.26,7228.574,7178.412,7191.546
2025-10-23T17:00:00.000000Z,65088,7190.356,7202.846,7139.533,7171.497,7190.356,7202.846,7139.533,7171.497,7191.546,7204.223,7141.232,7174.437
2025-10-23T21:00:00.000000Z,26794,7169.964,7180.431,7135.898,7178.666,7169.964,7180.431,7135.898,7178.666,7173.195,7182.095,7137.888,7179.878
2025-10-24T01:00:00.000000Z,64858,7178.787,7199.744,7133.965,7152.223,7178.787,7199.744,7133.965,7152.223,7180.103,7201.573,7135.401,7154.148
2025-10-24T05:00:00.000000Z,87152,7152.672,7163.942,7043.412,7077.492,7152.672,7163.942,7043.412,7077.492,7154.722,7165.714,7045.818,7078.749
2025-10-24T09:00:00.000000Z,88650,7077.563,7103.01,7044.882,7088.46,7077.563,7103.01,7044.882,7088.46,7078.909,7105.509,7046.367,7090.187
2025-10-24T13:00:00.000000Z,126587,7088.495,7202.205,7086.315,7185.523,7088.495,7202.205,7086.315,7185.523,7090.518,7203.472,7088.376,7186.783
2025-10-24T17:00:00.000000Z,69467,7185.906,7192.374,7124.898,7154.089,7185.906,7192.374,7124.898,7154.089,7187.113,7193.696,7126.104,7159.089
2025-10-26T21:00:00.000000Z,44179,7086.557,7126.173,7043.025,7082.91,7086.557,7126.173,7043.025,7082.91,7091.557,7129.328,7045.15,7084.828
2025-10-27T01:00:00.000000Z,72765,7083.103,7104.851,7042.951,7067.258,7083.103,7104.851,7042.951,7067.258,7084.88,7106.266,7044.956,7068.95
2025-10-27T05:00:00.000000Z,76716,7067.1,7094.492,6985.448,7019.948,7067.1,7094.492,6985.448,7019.948,7068.933,7096.186,6990.088,7022.367
2025-10-27T09:00:00.000000Z,94147,7019.861,7032.751,6969.412,7018.838,7019.861,7032.751,6969.412,7018.838,7022.28,7034.42,6971.325,7020.249
2025-10-27T13:00:00.000000Z,138239,7018.942,7025.95,6898.186,6936.119,7018.942,7025.95,6898.186,6936.119,7020.406,7027.413,6899.646,6937.457
2025-10-27T17:00:00.000000Z,82078,6936.119,6956.071,6893.177,6900.524,6936.119,6956.071,6893.177,6900.524,6937.44,6957.463,6895.306,6903.551
2025-10-27T21:00:00.000000Z,35492,6911.547,6938.925,6879.363,6935.597,6911.547,6938.925,6879.363,6935.597,6915.403,6940.295,6881.614,6936.971
2025-10-28T01:00:00.000000Z,73581,6935.632,6957.875,6856.883,6870.723,6935.632,6957.875,6856.883,6870.723,6937.109,6959.715,6858.496,6872.213
2025-10-28T05:00:00.000000Z,91236,6871.847,6883.533,6759.879,6761.427,6871.847,6883.533,6759.879,6761.427,6873.371,6885.523,6761.684,6763.311
2025-10-28T09:00:00.000000Z,90211,6761.427,6811.483,6743.139,6784.588,6761.427,6811.483,6743.139,6784.588,6763.307,6813.094,6744.948,6786.147
2025-10-28T13:00:00.000000Z,118228,6784.675,6866.329,6783.226,6838.144,6784.675,6866.329,6783.226,6838.144,6786.233,6867.648,6785.2,6839.934
2025-10-28T17:00:00.000000Z,69342,6837.574,6861.206,6821.085,6835.968,6837.574,6861.206,6821.085,6835.968,6839.245,6862.522,6822.604,6838.849
2025-10-28T21:00:00.000000Z,39826,6842.99,6883.89,6769.566,6877.075,6842.99,6883.89,6769.566,6877.075,6847.253,6885.741,6774.566,6878.838
2025-10-29T01:00:00.000000Z,71382,6877.127,6883.304,6830.193,6836.257,6877.127,6883.304,6830.193,6836.257,6878.719,6884.812,6832.349,6837.797
2025-10-29T05:00:00.000000Z,83955,6836.758,6956.113,6834.876,6955.184,6836.758,6956.113,6834.876,6955.184,6838.333,6957.57,6836.428,6956.4
2025-10-29T09:00:00.000000Z,87891,6955.149,6976.134,6941.688,6963.735,6955.149,6976.134,6941.688,6963.735,6956.314,6977.836,6943.42,6964.865
2025-10-29T13:00:00.000000Z,110598,6963.649,6963.822,6878.451,6887.229,6963.649,6963.822,6878.451,6887.229,6964.917,6965.055,6879.839,6888.561
2025-10-29T17:00:00.000000Z,121458,6886.66,6906.08,6814.635,6818.384,6886.66,6906.08,6814.635,6818.384,6888.163,6908.001,6816.775,6821.397
2025-10-29T21:00:00.000000Z,34232,6804.416,6874.458,6796.208,6839.856,6804.416,6874.458,6796.208,6839.856,6807.892,6876.761,6799.69,6841.645
2025-10-30T01:00:00.000000Z,91508,6839.856,6887.775,6774.178,6864.338,6839.856,6887.775,6774.178,6864.338,6841.764,6889.194,6776.443,6866.172
2025-10-30T05:00:00.000000Z,88328,6864.235,6892.56,6824.333,6887.458,6864.235,6892.56,6824.333,6887.458,6866.207,6894.297,6826.27,6889.238
2025-10-30T09:00:00.000000Z,88544,6887.339,6949.377,6879.033,6911.996,6887.339,6949.377,6879.033,6911.996,6889.238,6950.714,6881.008,6913.952
2025-10-30T13:00:00.000000Z,128686,6911.649,6986.337,6911.535,6964.421,6911.649,6986.337,6911.535,6964.421,6913.726,6988.672,6913.367,6965.728
2025-10-30T17:00:00.000000Z,74747,6964.3,7016.552,6956.128,7008.253,6964.3,7016.552,6956.128,7008.253,6965.867,7017.775,6957.575,7010.121
2025-10-30T21:00:00.000000Z,33478,7003.151,7047.096,6995.191,7009.892,7003.151,7047.096,6995.191,7009.892,7005.628,7049.662,6997.841,7011.445
2025-10-31T01:00:00.000000Z,80201,7009.77,7036.04,6956.468,6986.429,7009.77,7036.04,6956.468,6986.429,7011.463,7037.873,6958.265,6987.844
2025-10-31T05:00:00.000000Z,83554,6986.045,7038.985,6973.316,7008.213,6986.045,7038.985,6973.316,7008.213,6987.495,7040.508,6975.079,7009.91
2025-10-31T09:00:00.000000Z,75072,7008.056,7059.417,6988.699,7037.824,7008.056,7059.417,6988.699,7037.824,7009.753,7061.063,6990.516,7039.226
2025-10-31T13:00:00.000000Z,133054,7037.982,7056.499,6943.69,6958.028,7037.982,7056.499,6943.69,6958.028,7039.226,7057.886,6946.358,6959.635
2025-10-31T17:00:00.000000Z,72336,6958.115,7007.725,6958.011,6988.943,6958.115,7007.725,6958.011,6988.943,6959.723,7009.422,6959.704,6993.943
2025-11-02T22:00:00.000000Z,45683,6981.492,6998.81,6926.898,6991.409,6981.492,6998.81,6926.898,6991.409,6984.497,7000.91,6928.418,6993.525
2025-11-03T02:00:00.000000Z,56524,6991.164,7015.889,6978.419,7006.808,6991.164,7015.889,6978.419,7006.808,6993.281,7017.48,6980.255,7008.415
2025-11-03T06:00:00.000000Z,79377,7006.93,7039.328,6982.808,6997.271,7006.93,7039.328,6982.808,6997.271,7008.538,7041.091,6984.819,6998.828
2025-11-03T10:00:00.000000Z,82620,6997.603,7037.434,6985.275,7033.735,6997.603,7037.434,6985.275,7033.735,6999.143,7039.116,6986.814,7035.575
2025-11-03T14:00:00.000000Z,114470,7033.7,7066.452,7003.365,7018.675,7033.7,7066.452,7003.365,7018.675,7035.575,7067.66,7005.047,7020.094
2025-11-03T18:00:00.000000Z,57074,7013.768,7031.14,6998.686,7010.11,7013.768,7031.14,6998.686,7010.11,7014.889,7032.682,7000.227,7012.616
2025-11-03T22:00:00.000000Z,49402,7017.699,7021.447,6977.174,7003.145,7017.699,7021.447,6977.174,7003.145,7019.223,7022.572,6982.174,7004.583
2025-11-04T02:00:00.000000Z,69880,7003.11,7025.774,6984.403,6994.087,7003.11,7025.774,6984.403,6994.087,7004.583,7027.425,6985.787,6995.351
2025-11-04T06:00:00.000000Z,81154,6994.087,7054.955,6981.677,7049.068,6994.087,7054.955,6981.677,7049.068,6995.404,7056.366,6983.293,7050.443
2025-11-04T10:00:00.000000Z,81797,7048.98,7059.998,7015.016,7022.507,7048.98,7059.998,7015.016,7022.507,7050.39,7061.731,7016.832,7024.005
2025-11-04T14:00:00.000000Z,111534,7022.507,7026.679,6943.613,6991.287,7022.507,7026.679,6943.613,6991.287,7023.987,7028.076,6945.355,6992.66
2025-11-04T18:00:00.000000Z,73285,6992.1,6992.931,6951.649,6966.532,6992.1,6992.931,6951.649,6966.532,6993.561,6994.569,6953.3,6969.23
2025-11-04T22:00:00.000000Z,43666,6977.833,7010.126,6964.848,6984.816,6977.833,7010.126,6964.848,6984.816,6979.88,7011.859,6966.311,6986.086
2025-11-05T02:00:00.000000Z,59416,6984.444,7028.8,6978.903,7013.749,6984.444,7028.8,6978.903,7013.749,6985.908,7030.244,6980.473,7014.981
2025-11-05T06:00:00.000000Z,56922,7014.032,7046.801,7006.883,7032.247,7014.032,7046.801,7006.883,7032.247,7015.335,7048.211,7008.292,7033.675
2025-11-05T10:00:00.000000Z,58639,7032.247,7050.036,7006.769,7044.283,7032.247,7050.036,7006.769,7044.283,7033.551,7051.343,7007.79,7045.713
2025-11-05T14:00:00.000000Z,97341,7044.408,7064.169,7021.75,7034.965,7044.408,7064.169,7021.75,7034.965,7045.713,7065.546,7023.428,7036.481
2025-11-05T18:00:00.000000Z,44117,7032.611,7045.242,7023.699,7028.028,7032.611,7045.242,7023.699,7028.028,7033.825,7046.547,7025.656,7029.826
2025-11-05T22:00:00.000000Z,32519,7009.187,7026.879,7002.827,7018.394,7009.187,7026.879,7002.827,7018.394,7011.09,7028.642,7005.895,7019.996
2025-11-06T02:00:00.000000Z,42677,7018.5,7048.137,7016.465,7045.342,7018.5,7048.137,7016.465,7045.342,7019.996,7049.653,7017.997,7046.822
2025-11-06T06:00:00.000000Z,61682,7045.077,7102.097,7036.591,7085.69,7045.077,7102.097,7036.591,7085.69,7046.539,7103.883,7038.178,7087.081
2025-11-06T10:00:00.000000Z,67030,7085.565,7104.454,7067.157,7086.34,7085.565,7104.454,7067.157,7086.34,7086.92,7106.237,7068.805,7087.697
2025-11-06T14:00:00.000000Z,128638,7086.409,7091.64,7047.263,7073.889,7086.409,7091.64,7047.263,7073.889,7087.891,7093.462,7049.209,7075.731
2025-11-06T18:00:00.000000Z,62665,7070.58,7083.411,7056.308,7056.308,7070.58,7083.411,7056.308,7056.308,7072.226,7085.075,7058.704,7058.826
2025-11-06T22:00:00.000000Z,33647,7059.39,7111.793,7058.347,7108.549,7059.39,7111.793,7058.347,7108.549,7062.652,7113.531,7060.988,7110.463
2025-11-07T02:00:00.000000Z,45932,7108.514,7117.955,7092.443,7109.028,7108.514,7117.955,7092.443,7109.028,7110.41,7119.679,7094.126,7110.695
2025-11-07T06:00:00.000000Z,51732,7109.028,7150.086,7104.744,7133.362,7109.028,7150.086,7104.744,7133.362,7110.622,7151.614,7106.196,7134.583
2025-11-07T10:00:00.000000Z,68709,7133.362,7140.54,7094.923,7110.483,7133.362,7140.54,7094.923,7110.483,7134.619,7142.138,7096.515,7111.952
2025-11-07T14:00:00.000000Z,114551,7110.608,7169.342,7088.501,7123.273,7110.608,7169.342,7088.501,7123.273,7112.095,7170.848,7089.938,7124.78
2025-11-07T18:00:00.000000Z,68164,7123.291,7129.457,7099.272,7108.439,7123.291,7129.457,7099.272,7108.439,7124.815,7131.038,7100.833,7113.439
2025-11-09T22:00:00.000000Z,46906,7118.059,7199.716,7113.93,7183.678,7118.059,7199.716,7113.93,7183.678,7122.303,7200.706,7115.262,7185.399
2025-11-10T02:00:00.000000Z,62841,7183.678,7220.066,7175.018,7219.307,7183.678,7220.066,7175.018,7219.307,7185.144,7221.755,7176.721,7221.014
2025-11-10T06:00:00.000000Z,67909,7219.307,7240.615,7209.271,7214.782,7219.307,7240.615,7209.271,7214.782,7220.996,7242.235,7210.53,7216.217
2025-11-10T10:00:00.000000Z,69023,7214.782,7278.105,7214.782,7253.439,7214.782,7278.105,7214.782,7253.439,7216.146,7279.486,7216.089,7255.036
2025-11-10T14:00:00.000000Z,104130,7253.705,7272.922,7228.495,7264.274,7253.705,7272.922,7228.495,7264.274,7255.32,7274.384,7230.136,7265.752
2025-11-10T18:00:00.000000Z,64072,7267.621,7291.743,7264.44,7289.377,7267.621,7291.743,7264.44,7289.377,7268.5,7293.516,7265.86,7291.496
2025-11-10T22:00:00.000000Z,37323,7291.573,7344.085,7289.43,7333.804,7291.573,7344.085,7289.43,7333.804,7293.614,7345.686,7291.257,7335.31
2025-11-11T02:00:00.000000Z,52762,7333.934,7351.702,7316.172,7331.385,7333.934,7351.702,7316.172,7331.385,7335.31,7353.256,7317.437,7333.229
2025-11-11T06:00:00.000000Z,57696,7331.48,7346.592,7313.675,7339.025,7331.48,7346.592,7313.675,7339.025,7333.193,7348.181,7315.385,7340.194
2025-11-11T10:00:00.000000Z,56214,7339.043,7341.77,7308.667,7312.922,7339.043,7341.77,7308.667,7312.922,7340.282,7343.281,7310.067,7314.393
2025-11-11T14:00:00.000000Z,95762,7312.851,7313.511,7240.773,7268.674,7312.851,7313.511,7240.773,7268.674,7314.176,7314.741,7242.45,7270.309
2025-11-11T18:00:00.000000Z,42939,7271.459,7303.773,7253.897,7296.318,7271.459,7303.773,7253.897,7296.318,7273.041,7305.287,7255.434,7299.732
2025-11-11T22:00:00.000000Z,43005,7304.199,7330.212,7298.231,7303.829,7304.199,7330.212,7298.231,7303.829,7306.666,7331.933,7299.969,7305.337
2025-11-12T02:00:00.000000Z,66059,7303.599,7307.004,7251.653,7260.117,7303.599,7307.004,7251.653,7260.117,7305.112,7308.6,7253.288,7261.402
2025-11-12T06:00:00.000000Z,73123,7260.117,7308.334,7256.764,7293.114,7260.117,7308.334,7256.764,7293.114,7261.53,7309.549,7258.195,7294.551
2025-11-12T10:00:00.000000Z,70552,7293.296,7312.026,7275.735,7291.621,7293.296,7312.026,7275.735,7291.621,7294.639,7313.238,7277.298,7293.11
2025-11-12T14:00:00.000000Z,134478,7292.098,7424.333,7290.909,7416.556,7292.098,7424.333,7290.909,7416.556,7293.587,7425.967,7292.398,7417.734
2025-11-12T18:00:00.000000Z,82025,7399.78,7433.433,7397.365,7401.647,7399.78,7433.433,7397.365,7401.647,7401.212,7434.646,7398.857,7405.123
2025-11-12T22:00:00.000000Z,52156,7420.151,7451.928,7392.111,7410.019,7420.151,7451.928,7392.111,7410.019,7423.082,7453.546,7393.841,7411.894
2025-11-13T02:00:00.000000Z,80478,7409.948,7463.112,7393.396,7460.148,7409.948,7463.112,7393.396,7460.148,7411.841,7464.663,7395.25,7461.937
2025-11-13T06:00:00.000000Z,74587,7460.201,7469.854,7432.249,7458.243,7460.201,7469.854,7432.249,7458.243,7461.99,7471.708,7433.61,7459.674
2025-11-13T10:00:00.000000Z,88928,7458.19,7484.363,7442.926,7469.956,7458.19,7484.363,7442.926,7469.956,7459.621,7486.042,7444.683,7471.583
2025-11-13T14:00:00.000000Z,141328,7470.257,7470.769,7377.996,7406.606,7470.257,7470.769,7377.996,7406.606,7471.813,7472.211,7380.028,7408.493
2025-11-13T18:00:00.000000Z,100258,7410.627,7416.201,7330.147,7376.931,7410.627,7416.201,7330.147,7376.931,7412.02,7417.853,7332.104,7379.868
2025-11-13T22:00:00.000000Z,52103,7386.848,7412.172,7364.534,7381.208,7386.848,7412.172,7364.534,7381.208,7389.791,7413.916,7366.289,7382.845
2025-11-14T02:00:00.000000Z,75893,7381.137,7409.647,7360.821,7365.361,7381.137,7409.647,7360.821,7365.361,7382.88,7411.559,7361.855,7367.153
2025-11-14T06:00:00.000000Z,88406,7364.517,7376.659,7330.187,7345.569,7364.517,7376.659,7330.187,7345.569,7366.443,7378.249,7331.968,7346.722
2025-11-14T10:00:00.000000Z,109450,7345.698,7352.045,7116.621,7139.122,7345.698,7352.045,7116.621,7139.122,7347.24,7353.605,7117.974,7140.778
2025-11-14T14:00:00.000000Z,125121,7138.664,7232.158,7096.383,7214.322,7138.664,7232.158,7096.383,7214.322,7140.192,7233.694,7098.022,7215.661
2025-11-14T18:00:00.000000Z,66443,7214.428,7227.267,7175.731,7189.867,7214.428,7227.267,7175.731,7189.867,7215.77,7228.892,7177.213,7194.867
2025-11-16T22:00:00.000000Z,56678,7178.085,7236.246,7177.45,7222.768,7178.085,7236.246,7177.45,7222.768,7183.085,7238.032,7182.45,7224.731
2025-11-17T02:00:00.000000Z,64907,7222.874,7227.61,7141.26,7155.921,7222.874,7227.61,7141.26,7155.921,7224.731,7229.043,7142.812,7157.545
2025-11-17T06:00:00.000000Z,70598,7155.883,7207.441,7152.888,7199.265,7155.883,7207.441,7152.888,7199.265,7157.489,7208.812,7154.512,7200.657
2025-11-17T10:00:00.000000Z,69557,7199.212,7218.246,7170.849,7177.448,7199.212,7218.246,7170.849,7177.448,7200.622,7219.533,7172.61,7178.821
2025-11-17T14:00:00.000000Z,119212,7177.448,7205.577,7148.588,7184.882,7177.448,7205.577,7148.588,7184.882,7178.803,7207.169,7150.3,7186.478
2025-11-17T18:00:00.000000Z,87495,7185.71,7190.647,7091.561,7149.296,7185.71,7190.647,7091.561,7149.296,7187.004,7192.237,7092.917,7151.94
2025-11-17T22:00:00.000000Z,46762,7155.069,7162.156,7111.014,7113.777,7155.069,7162.156,7111.014,7113.777,7157.848,7165.363,7112.588,7115.366
2025-11-18T02:00:00.000000Z,76571,7113.867,7133.349,7089.87,7108.201,7113.867,7133.349,7089.87,7108.201,7115.457,7134.955,7091.583,7109.577
2025-11-18T06:00:00.000000Z,80396,7108.182,7143.114,7067.484,7130.452,7108.182,7143.114,7067.484,7130.452,7109.683,7144.511,7068.877,7132.113
2025-11-18T10:00:00.000000Z,83489,7130.578,7176.178,7110.994,7169.75,7130.578,7176.178,7110.994,7169.75,7132.113,7177.326,7112.583,7171.036
2025-11-18T14:00:00.000000Z,133372,7169.803,7203.156,7152.863,7191.399,7169.803,7203.156,7152.863,7191.399,7171.233,7204.482,7154.379,7192.927
2025-11-18T18:00:00.000000Z,70107,7185.076,7204.627,7170.304,7187.787,7185.076,7204.627,7170.304,7187.787,7186.398,7205.84,7172.006,7190.258
2025-11-18T22:00:00.000000Z,40157,7184.726,7216.555,7183.904,7198.305,7184.726,7216.555,7183.904,7198.305,7186.892,7217.805,7185.999,7199.723
2025-11-19T02:00:00.000000Z,63089,7198.305,7274.604,7191.353,7267.159,7198.305,7274.604,7191.353,7267.159,7199.595,7276.444,7192.516,7268.669
2025-11-19T06:00:00.000000Z,66785,7267.195,7305.666,7237.558,7300.954,7267.195,7305.666,7237.558,7300.954,7268.705,7307.19,7238.868,7302.536
2025-11-19T10:00:00.000000Z,76971,7300.948,7319.425,7286.018,7309.663,7300.948,7319.425,7286.018,7309.663,7302.643,7320.808,7287.428,7310.827
2025-11-19T14:00:00.000000Z,145459,7309.876,7352.66,7241.854,7288.991,7309.876,7352.66,7241.854,7288.991,7311.171,7353.88,7243.329,7290.774
2025-11-19T18:00:00.000000Z,88491,7295.074,7307.013,7263.183,7276.063,7295.074,7307.013,7263.183,7276.063,7296.556,7307.917,7265.034,7277.623
2025-11-19T22:00:00.000000Z,47776,7293.555,7324.586,7281.673,7282.643,7293.555,7324.586,7281.673,7282.643,7295.987,7326.423,7283.613,7283.886
2025-11-20T02:00:00.000000Z,71191,7282.643,7286.023,7213.155,7255.956,7282.643,7286.023,7213.155,7255.956,7283.756,7287.475,7218.155,7257.538
2025-11-20T06:00:00.000000Z,75362,7255.827,7268.759,7203.105,7236.534,7255.827,7268.759,7203.105,7236.534,7257.668,7270.67,7204.703,7238.117
2025-11-20T10:00:00.000000Z,89631,7236.663,7291.864,7212.8,7251.537,7236.663,7291.864,7212.8,7251.537,7238.171,7293.834,7214.472,7253.431
2025-11-20T14:00:00.000000Z,160293,7251.804,7293.122,7224.282,7271.763,7251.804,7293.122,7224.282,7271.763,7253.751,7294.345,7225.889,7273.163
2025-11-20T18:00:00.000000Z,92673,7273.488,7306.623,7245.089,7302.337,7273.488,7306.623,7245.089,7302.337,7274.829,7308.435,7246.689,7303.769
2025-11-20T22:00:00.000000Z,41998,7291.765,7317.584,7257.315,7271.06,7291.765,7317.584,7257.315,7271.06,7295.103,7319.69,7258.635,7272.796
2025-11-21T02:00:00.000000Z,73964,7271.113,7288.249,7219.075,7251.453,7271.113,7288.249,7219.075,7251.453,7272.832,7289.932,7221.148,7253.47
2025-11-21T06:00:00.000000Z,96458,7251.418,7262.138,7185.936,7239.411,7251.418,7262.138,7185.936,7239.411,7253.47,7264.328,7187.591,7241.124
2025-11-21T10:00:00.000000Z,115578,7238.839,7281.071,7208.648,7277.264,7238.839,7281.071,7208.648,7277.264,7240.695,7282.716,7210.444,7278.927
2025-11-21T14:00:00.000000Z,148440,7277.264,7311.632,7253.713,7283.98,7277.264,7311.632,7253.713,7283.98,7278.695,7313.017,7255.132,7285.192
2025-11-21T18:00:00.000000Z,93131,7283.98,7291.786,7221.03,7239.557,7283.98,7291.786,7221.03,7239.557,7285.21,7292.883,7222.884,7244.557
2025-11-23T22:00:00.000000Z,41830,7244.465,7264.528,7211.634,7212.083,7244.465,7264.528,7211.634,7212.083,7247.621,7265.378,7213.457,7214.006
2025-11-24T02:00:00.000000Z,56756,7211.866,7241.482,7202.497,7218.366,7211.866,7241.482,7202.497,7218.366,7213.771,7243.423,7204.098,7219.662
2025-11-24T06:00:00.000000Z,63478,7218.348,7273.853,7216.614,7271.624,7218.348,7273.853,7216.614,7271.624,7219.897,7275.079,7218.27,7272.993
2025-11-24T10:00:00.000000Z,68521,7271.624,7284.912,7246.318,7271.024,7271.624,7284.912,7246.318,7271.024,7272.975,7286.427,7247.988,7272.32
2025-11-24T14:00:00.000000Z,100569,7270.632,7310.909,7256.061,7297.258,7270.632,7310.909,7256.061,7297.258,7272.052,7312.663,7257.624,7298.993
2025-11-24T18:00:00.000000Z,58902,7291.818,7378.1,7285.992,7366.313,7291.818,7378.1,7285.992,7366.313,7293.588,7379.814,7287.578,7368.766
2025-11-24T22:00:00.000000Z,46222,7365.655,7387.744,7337.052,7364.147,7365.655,7387.744,7337.052,7364.147,7370.655,7389.538,7339.238,7365.782
2025-11-25T02:00:00.000000Z,62702,7364.093,7407.375,7360.811,7406.237,7364.093,7407.375,7360.811,7406.237,7365.746,7409.021,7362.606,7407.96
2025-11-25T06:00:00.000000Z,77534,7406.237,7411.198,7344.629,7361.92,7406.237,7411.198,7344.629,7361.92,7407.978,7412.708,7346.059,7363.438
2025-11-25T10:00:00.000000Z,83628,7362.051,7408.556,7347.391,7396.132,7362.051,7408.556,7347.391,7396.132,7363.42,7410.663,7349.726,7397.958
2025-11-25T14:00:00.000000Z,127240,7396.703,7396.931,7344.763,7369.157,7396.703,7396.931,7344.763,7369.157,7397.958,7398.336,7347.087,7370.874
2025-11-25T18:00:00.000000Z,67559,7375.673,7378.071,7342.213,7348.456,7375.673,7378.071,7342.213,7348.456,7377.076,7379.389,7343.487,7351.272
2025-11-25T22:00:00.000000Z,42515,7350.342,7365.106,7295.397,7317.465,7350.342,7365.106,7295.397,7317.465,7352.835,7367.232,7297.341,7319.564
2025-11-26T02:00:00.000000Z,75068,7317.723,7329.012,7293.187,7313.046,7317.723,7329.012,7293.187,7313.046,7319.512,7331.126,7295.13,7314.483
2025-11-26T06:00:00.000000Z,70557,7312.87,7346.092,7291.737,7332.912,7312.87,7346.092,7291.737,7332.912,7314.185,7347.631,7293.753,7334.717
2025-11-26T10:00:00.000000Z,81454,7332.965,7362.253,7315.416,7323.425,7332.965,7362.253,7315.416,7323.425,7334.717,7364.019,7316.675,7325.266
2025-11-26T14:00:00.000000Z,103515,7323.672,7331.054,7287.561,7317.503,7323.672,7331.054,7287.561,7317.503,7325.466,7332.626,7289.365,7319.063
2025-11-26T18:00:00.000000Z,55859,7319.399,7324.191,7301.272,7303.638,7319.399,7324.191,7301.272,7303.638,7320.954,7325.91,7303.169,7308.638
2025-11-26T22:00:00.000000Z,32794,7306.171,7313.379,7255.54,7261.003,7306.171,7313.379,7255.54,7261.003,7309.435,7315.616,7257.482,7262.748
2025-11-27T02:00:00.000000Z,52437,7261.4,7262.981,7234.608,7243.043,7261.4,7262.981,7234.608,7243.043,7263.29,7264.963,7236.403,7244.638
2025-11-27T06:00:00.000000Z,61285,7242.969,7289.658,7242.624,7275.834,7242.969,7289.658,7242.624,7275.834,7244.607,7291.121,7244.372,7277.178
2025-11-27T10:00:00.000000Z,56396,7275.851,7283.793,7259.659,7265.008,7275.851,7283.793,7259.659,7265.008,7277.213,7285.501,7261.405,7266.591
2025-11-27T14:00:00.000000Z,43060,7265.008,7275.861,7248.576,7263.872,7265.008,7275.861,7248.576,7263.872,7266.609,7277.559,7249.874,7265.489
2025-11-27T18:00:00.000000Z,5061,7264.177,7269.545,7261.231,7263.594,7264.177,7269.545,7261.231,7263.594,7265.939,7271.225,7262.993,7268.432
2025-11-27T22:00:00.000000Z,34167,7260.609,7324.197,7260.177,7321.663,7260.609,7324.197,7260.177,7321.663,7263.249,7325.333,7262.741,7323.41
2025-11-28T02:00:00.000000Z,81274,7321.61,7325.789,7290.908,7310.275,7321.61,7325.789,7290.908,7310.275,7323.375,7328.512,7295.908,7314.487
2025-11-28T06:00:00.000000Z,64309,7311.586,7333.798,7273.431,7297.041,7311.586,7333.798,7273.431,7297.041,7314.924,7338.798,7278.431,7302.041
2025-11-28T10:00:00.000000Z,96601,7297.169,7324.366,7288.897,7310.946,7297.169,7324.366,7288.897,7310.946,7302.169,7328.688,7293.897,7312.711
2025-11-28T14:00:00.000000Z,98030,7310.946,7353.116,7310.946,7347.964,7310.946,7353.116,7310.946,7347.964,7312.839,7355.215,7312.601,7349.623
2025-11-28T18:00:00.000000Z,31638,7347.999,7367.131,7341.329,7353.581,7347.999,7367.131,7341.329,7353.581,7349.547,7368.924,7342.5,7355.473
2025-11-30T22:00:00.000000Z,67400,7369.037,7416.278,7328.957,7414.926,7369.037,7416.278,7328.957,7414.926,7372.18,7418.341,7332.963,7416.912
2025-12-01T02:00:00.000000Z,101195,7414.926,7421.583,7359.668,7382.125,7414.926,7421.583,7359.668,7382.125,7416.929,7422.691,7361.364,7383.606
2025-12-01T06:00:00.000000Z,92594,7382.247,7414.328,7375.418,7406.262,7382.247,7414.328,7375.418,7406.262,7383.851,7415.471,7377.172,7407.701
2025-12-01T10:00:00.000000Z,102559,7406.133,7431.456,7384.699,7393.109,7406.133,7431.456,7384.699,7393.109,7407.572,7432.939,7386.153,7394.389
2025-12-01T14:00:00.000000Z,143276,7393.248,7402.403,7347.03,7377.217,7393.248,7402.403,7347.03,7377.217,7394.581,7403.918,7348.223,7378.662
2025-12-01T18:00:00.000000Z,79671,7381.829,7408.739,7380.331,7386.897,7381.829,7408.739,7380.331,7386.897,7383.052,7410.396,7381.685,7388.605
2025-12-01T22:00:00.000000Z,43710,7386.943,7396.109,7328.7,7367.833,7386.943,7396.109,7328.7,7367.833,7389.542,7397.853,7333.7,7369.284
2025-12-02T02:00:00.000000Z,54570,7367.693,7382.518,7359.507,7374.868,7367.693,7382.518,7359.507,7374.868,7368.969,7384.011,7360.726,7375.88
2025-12-02T06:00:00.000000Z,63460,7375.043,7378.841,7313.288,7330.978,7375.043,7378.841,7313.288,7330.978,7376.009,7379.903,7315.037,7332.424
2025-12-02T10:00:00.000000Z,68671,7330.908,7363.41,7318.068,7349.484,7330.908,7363.41,7318.068,7349.484,7332.232,7364.741,7319.765,7350.876
2025-12-02T14:00:00.000000Z,125049,7349.286,7378.18,7254.211,7320.794,7349.286,7378.18,7254.211,7320.794,7350.876,7379.472,7255.843,7322.471
2025-12-02T18:00:00.000000Z,52474,7323.887,7344.585,7304.514,7328.07,7323.887,7344.585,7304.514,7328.07,7325.744,7345.68,7306.034,7330.726
2025-12-02T22:00:00.000000Z,47601,7322.992,7352.668,7322.87,7333.564,7322.992,7352.668,7322.87,7333.564,7325.544,7354.257,7325.304,7335.011
2025-12-03T02:00:00.000000Z,61353,7333.384,7354.527,7306.11,7311.464,7333.384,7354.527,7306.11,7311.464,7335.064,7356.451,7307.816,7313.06
2025-12-03T06:00:00.000000Z,67070,7311.412,7331.526,7307.337,7317.78,7311.412,7331.526,7307.337,7317.78,7313.165,7333.073,7308.992,7319.222
2025-12-03T10:00:00.000000Z,79283,7317.78,7372.208,7300.742,7372.156,7317.78,7372.208,7300.742,7372.156,7319.094,7373.657,7302.24,7373.536
2025-12-03T14:00:00.000000Z,138733,7372.121,7379.863,7275.305,7295.198,7372.121,7379.863,7275.305,7295.198,7373.46,7381.428,7276.712,7296.94
2025-12-03T18:00:00.000000Z,67005,7285.65,7294.845,7265.802,7277.847,7285.65,7294.845,7265.802,7277.847,7286.803,7296.15,7267.406,7280.442
2025-12-03T22:00:00.000000Z,41167,7286.387,7309.027,7281.058,7296.768,7286.387,7309.027,7281.058,7296.768,7289.034,7310.725,7282.628,7298.447
2025-12-04T02:00:00.000000Z,71124,7296.889,7296.889,7235.09,7243.695,7296.889,7296.889,7235.09,7243.695,7298.569,7298.569,7236.06,7245.303
2025-12-04T06:00:00.000000Z,88844,7243.777,7276.386,7241.165,7274.047,7243.777,7276.386,7241.165,7274.047,7245.19,7277.857,7242.803,7275.517
2025-12-04T10:00:00.000000Z,85889,7274.047,7292.905,7260.452,7282.049,7274.047,7292.905,7260.452,7282.049,7275.5,7294.174,7262.084,7283.734
2025-12-04T14:00:00.000000Z,130002,7282.015,7307.23,7267.289,7303.299,7282.015,7307.23,7267.289,7303.299,7283.699,7308.476,7268.434,7304.914
2025-12-04T18:00:00.000000Z,69258,7303.33,7306.633,7278.593,7302.542,7303.33,7306.633,7278.593,7302.542,7304.767,7308.071,7280.207,7305.404
2025-12-04T22:00:00.000000Z,35246,7303.105,7307.857,7272.406,7285.744,7303.105,7307.857,7272.406,7285.744,7305.04,7309.584,7273.95,7287.406
2025-12-05T02:00:00.000000Z,61085,7285.796,7318.184,7276.541,7314.099,7285.796,7318.184,7276.541,7314.099,7287.458,7319.27,7278.381,7315.358
2025-12-05T06:00:00.000000Z,61291,7313.973,7328.062,7303.75,7312.834,7313.973,7328.062,7303.75,7312.834,7315.358,7329.795,7305.199,7314.38
2025-12-05T10:00:00.000000Z,63869,7312.678,7331.018,7305.648,7325.038,7312.678,7331.018,7305.648,7325.038,7314.241,7332.195,7307.223,7326.399
2025-12-05T14:00:00.000000Z,130223,7324.951,7363.309,7281.163,7301.801,7324.951,7363.309,7281.163,7301.801,7326.566,7364.902,7283.026,7303.197
2025-12-05T18:00:00.000000Z,66290,7301.167,7302.952,7259.284,7265.153,7301.167,7302.952,7259.284,7265.153,7302.546,7304.583,7260.805,7270.153
2025-12-07T22:00:00.000000Z,39779,7265.153,7282.332,7251.767,7256.941,7265.153,7282.332,7251.767,7256.941,7270.153,7283.788,7253.657,7258.334
2025-12-08T02:00:00.000000Z,61782,7256.448,7288.484,7250.86,7288.266,7256.448,7288.484,7250.86,7288.266,7258.179,7290.148,7252.728,7289.804
2025-12-08T06:00:00.000000Z,64593,7288.106,7294.695,7265.567,7274.395,7288.106,7294.695,7265.567,7274.395,7289.804,7296.122,7267.064,7275.569
2025-12-08T10:00:00.000000Z,70332,7274.52,7293.402,7257.806,7264.434,7274.52,7293.402,7257.806,7264.434,7275.569,7294.781,7259.14,7266.058
2025-12-08T14:00:00.000000Z,118886,7264.395,7289.334,7242.674,7260.508,7264.395,7289.334,7242.674,7260.508,7266.248,7291.104,7244.027,7261.6
2025-12-08T18:00:00.000000Z,63719,7253.678,7264.781,7246.629,7254.957,7253.678,7264.781,7246.629,7254.957,7255.021,7266.112,7248.029,7256.626
2025-12-08T22:00:00.000000Z,33540,7256.551,7273.591,7253.567,7265.208,7256.551,7273.591,7253.567,7265.208,7259.462,7275.114,7255.208,7267.189
2025-12-09T02:00:00.000000Z,64796,7265.07,7265.411,7215.883,7220.729,7265.07,7265.411,7215.883,7220.729,7267.189,7267.211,7217.487,7222.281
2025-12-09T06:00:00.000000Z,89634,7220.764,7272.419,7209.794,7254.873,7220.764,7272.419,7209.794,7254.873,7222.454,7273.879,7211.489,7255.968
2025-12-09T10:00:00.000000Z,82824,7254.925,7271.698,7254.286,7261.192,7254.925,7271.698,7254.286,7261.192,7256.197,7273.109,7255.631,7262.98
2025-12-09T14:00:00.000000Z,135863,7261.227,7288.506,7242.261,7270.055,7261.227,7288.506,7242.261,7270.055,7262.781,7290.238,7243.724,7271.598
2025-12-09T18:00:00.000000Z,70990,7272.494,7292.161,7272.079,7277.09,7272.494,7292.161,7272.079,7277.09,7273.924,7293.803,7273.526,7279.791
2025-12-09T22:00:00.000000Z,39801,7281.497,7310.59,7277.806,7305.882,7281.497,7310.59,7277.806,7305.882,7284.37,7312.471,7279.594,7307.591
2025-12-10T02:00:00.000000Z,66647,7305.94,7314.447,7279.021,7290.339,7305.94,7314.447,7279.021,7290.339,7307.579,7316.111,7280.658,7292.138
2025-12-10T06:00:00.000000Z,65348,7290.339,7291.128,7246.454,7247.862,7290.339,7291.128,7246.454,7247.862,7292.264,7292.806,7247.709,7249.17
2025-12-10T10:00:00.000000Z,79815,7247.862,7271.68,7241.29,7264.217,7247.862,7271.68,7241.29,7264.217,7249.044,7273.08,7242.334,7265.989
2025-12-10T14:00:00.000000Z,116961,7264.377,7276.538,7244.393,7255.586,7264.377,7276.538,7244.393,7255.586,7265.989,7278.116,7245.805,7257.127
2025-12-10T18:00:00.000000Z,104770,7253.425,7283.676,7232.011,7269.757,7253.425,7283.676,7232.011,7269.757,7254.641,7285.523,7234.366,7272.143
2025-12-10T22:00:00.000000Z,47289,7271.689,7305.236,7266.635,7285.469,7271.689,7305.236,7266.635,7285.469,7274.396,7307.055,7268.346,7287.048
2025-12-11T02:00:00.000000Z,72680,7285.314,7288.467,7256.784,7260.005,7285.314,7288.467,7256.784,7260.005,7286.876,7289.977,7257.965,7261.342
2025-12-11T06:00:00.000000Z,63826,7259.88,7277.609,7255.074,7265.852,7259.88,7277.609,7255.074,7265.852,7261.342,7279.405,7256.502,7267.368
2025-12-11T10:00:00.000000Z,68465,7265.761,7281.2,7233.056,7248.647,7265.761,7281.2,7233.056,7248.647,7267.403,7282.641,7234.367,7250.284
2025-12-11T14:00:00.000000Z,129142,7248.681,7354.794,7240.283,7352.591,7248.681,7354.794,7240.283,7352.591,7250.439,7356.247,7241.774,7354.034
2025-12-11T18:00:00.000000Z,72536,7361.437,7372.603,7327.833,7364.674,7361.437,7372.603,7327.833,7364.674,7363.013,7374.566,7330.049,7367.538
2025-12-11T22:00:00.000000Z,44608,7372.966,7373.627,7328.968,7347.683,7372.966,7373.627,7328.968,7347.683,7375.028,7375.7,7330.686,7349.207
2025-12-12T02:00:00.000000Z,62493,7347.735,7362.617,7341.859,7359.238,7347.735,7362.617,7341.859,7359.238,7349.081,7364.02,7343.423,7360.612
2025-12-12T06:00:00.000000Z,79566,7359.238,7427.613,7353.646,7425.584,7359.238,7427.613,7353.646,7425.584,7360.664,7429.073,7354.722,7426.712
2025-12-12T10:00:00.000000Z,94223,7425.705,7479.189,7421.111,7472.615,7425.705,7479.189,7421.111,7472.615,7426.849,7480.961,7423.128,7473.811
2025-12-12T14:00:00.000000Z,165066,7472.563,7490.871,7353.849,7398.025,7472.563,7490.871,7353.849,7398.025,7473.742,7492.318,7356.979,7399.777
2025-12-12T18:00:00.000000Z,72980,7399.048,7415.649,7390.067,7404.735,7399.048,7415.649,7390.067,7404.735,7400.928,7417.995,7391.767,7409.735
2025-12-14T22:00:00.000000Z,40575,7417.242,7448.345,7413.004,7441.406,7417.242,7448.345,7413.004,7441.406,7422.242,7450.26,7415.206,7443.204
2025-12-15T02:00:00.000000Z,70669,7441.19,7513.34,7440.704,7512.658,7441.19,7513.34,7440.704,7512.658,7442.936,7514.785,7441.943,7514.014
2025-12-15T06:00:00.000000Z,70947,7512.658,7524.31,7489.462,7504.525,7512.658,7524.31,7489.462,7504.525,7514.144,7526.221,7491.43,7505.836
2025-12-15T10:00:00.000000Z,71361,7504.758,7517.729,7476.722,7479.165,7504.758,7517.729,7476.722,7479.165,7506.225,7519.171,7478.265,7480.596
2025-12-15T14:00:00.000000Z,145626,7479.363,7488.219,7398.363,7435.026,7479.363,7488.219,7398.363,7435.026,7480.812,7490.014,7400.145,7436.405
2025-12-15T18:00:00.000000Z,71497,7429.826,7460.624,7429.049,7442.969,7429.826,7460.624,7429.049,7442.969,7431.309,7461.763,7430.702,7444.763
2025-12-15T22:00:00.000000Z,44552,7444.577,7492.15,7435.485,7473.224,7444.577,7492.15,7435.485,7473.224,7446.318,7493.89,7437.105,7475.093
2025-12-16T02:00:00.000000Z,78639,7473.354,7478.637,7392.316,7414.605,7473.354,7478.637,7392.316,7414.605,7475.093,7480.228,7394.482,7416.159
2025-12-16T06:00:00.000000Z,64910,7414.675,7424.748,7384.269,7400.968,7414.675,7424.748,7384.269,7400.968,7416.211,7426.302,7385.513,7402.203
2025-12-16T10:00:00.000000Z,72971,7401.02,7445.856,7390.011,7445.296,7401.02,7445.856,7390.011,7445.296,7402.307,7448.555,7391.386,7446.967
2025-12-16T14:00:00.000000Z,136232,7445.296,7479.928,7412.818,7431.845,7445.296,7479.928,7412.818,7431.845,7446.838,7481.369,7414.256,7433.18
2025-12-16T18:00:00.000000Z,71695,7435.482,7453.416,7429.962,7437.959,7435.482,7453.416,7429.962,7437.959,7437.161,7454.711,7431.042,7439.958
2025-12-16T22:00:00.000000Z,39918,7439.907,7482.014,7437.618,7474.409,7439.907,7482.014,7437.618,7474.409,7442.354,7483.49,7440.651,7476.135
2025-12-17T02:00:00.000000Z,69208,7474.444,7518.863,7455.559,7503.001,7474.444,7518.863,7455.559,7503.001,7476.169,7520.61,7457.226,7504.358
2025-12-17T06:00:00.000000Z,68830,7503.131,7510.362,7465.34,7480.51,7503.131,7510.362,7465.34,7480.51,7504.358,7511.884,7466.723,7481.936
2025-12-17T10:00:00.000000Z,66815,7480.51,7515.647,7457.31,7512.706,7480.51,7515.647,7457.31,7512.706,7481.867,7516.856,7458.698,7514.062
2025-12-17T14:00:00.000000Z,149062,7512.576,7517.013,7470.858,7514.556,7512.576,7517.013,7470.858,7514.556,7514.011,7518.368,7472.307,7515.991
2025-12-17T18:00:00.000000Z,78738,7517.132,7524.023,7497.546,7511.592,7517.132,7524.023,7497.546,7511.592,7518.54,7525.509,7498.894,7514.076
2025-12-17T22:00:00.000000Z,43639,7516.718,7533.568,7498.073,7513.606,7516.718,7533.568,7498.073,7513.606,7520.286,7535.608,7499.838,7515.538
2025-12-18T02:00:00.000000Z,71179,7513.52,7529.363,7507.547,7516.608,7513.52,7529.363,7507.547,7516.608,7515.451,7531.192,7509.104,7518.157
2025-12-18T06:00:00.000000Z,73087,7516.573,7527.653,7494.698,7501.047,7516.573,7527.653,7494.698,7501.047,7518.123,7529.116,7496.672,7502.024
2025-12-18T10:00:00.000000Z,76161,7501.047,7507.58,7478.345,7502.575,7501.047,7507.58,7478.345,7502.575,7502.041,7509.048,7483.345,7503.939
2025-12-18T14:00:00.000000Z,157507,7501.9,7562.668,7458.82,7503.504,7501.9,7562.668,7458.82,7503.504,7503.49,7564.278,7460.679,7505.043
2025-12-18T18:00:00.000000Z,92894,7507.785,7516.333,7486.756,7500.291,7507.785,7516.333,7486.756,7500.291,7509.74,7517.665,7488.373,7502.505
2025-12-18T22:00:00.000000Z,33386,7505.468,7508.386,7460.455,7488.867,7505.468,7508.386,7460.455,7488.867,7508.115,7510.236,7462.503,7490.414
2025-12-19T02:00:00.000000Z,57523,7488.997,7513.302,7476.588,7510.998,7488.997,7513.302,7476.588,7510.998,7490.414,7515.104,7478.456,7512.931
2025-12-19T06:00:00.000000Z,64460,7511.129,7536.749,7503.729,7530.448,7511.129,7536.749,7503.729,7530.448,7512.931,7538.354,7505.453,7531.738
2025-12-19T10:00:00.000000Z,73097,7530.361,7556.31,7520.905,7533.19,7530.361,7556.31,7520.905,7533.19,7531.599,7557.865,7522.711,7534.465
2025-12-19T14:00:00.000000Z,129417,7533.19,7567.876,7504.924,7558.328,7533.19,7567.876,7504.924,7558.328,7534.622,7569.586,7506.744,7559.827
2025-12-19T18:00:00.000000Z,58021,7558.137,7559.626,7528.162,7535.737,7558.137,7559.626,7528.162,7535.737,7559.584,7561.177,7529.634,7540.737
2025-12-21T22:00:00.000000Z,49153,7545.377,7608.269,7539.106,7604.579,7545.377,7608.269,7539.106,7604.579,7548.118,7610.069,7543.326,7606.235
2025-12-22T02:00:00.000000Z,54488,7604.665,7642.258,7589.922,7626.789,7604.665,7642.258,7589.922,7626.789,7606.235,7644.285,7591.158,7628.205
2025-12-22T06:00:00.000000Z,54211,7626.807,7660.95,7617.04,7627.093,7626.807,7660.95,7617.04,7627.093,7628.522,7662.815,7618.423,7629.27
2025-12-22T10:00:00.000000Z,75704,7627.243,7644.756,7612.353,7641.356,7627.243,7644.756,7612.353,7641.356,7629.288,7646.305,7613.998,7643.032
2025-12-22T14:00:00.000000Z,108895,7641.459,7663.919,7611.072,7654.118,7641.459,7663.919,7611.072,7654.118,7643.084,7665.589,7612.628,7655.632
2025-12-22T18:00:00.000000Z,52090,7652.135,7677.138,7644.52,7666.289,7652.135,7677.138,7644.52,7666.289,7653.684,7678.561,7645.987,7669.443
2025-12-22T22:00:00.000000Z,43074,7675.456,7732.201,7674.955,7725.371,7675.456,7732.201,7674.955,7725.371,7678.56,7733.739,7678.284,7727.277
2025-12-23T02:00:00.000000Z,78735,7725.336,7732.201,7697.627,7699.082,7725.336,7732.201,7697.627,7699.082,7727.226,7734.036,7699.448,7700.698
2025-12-23T06:00:00.000000Z,80687,7698.376,7711.697,7673.147,7673.798,7698.376,7711.697,7673.147,7673.798,7699.993,7713.654,7674.929,7675.506
2025-12-23T10:00:00.000000Z,85277,7673.786,7698.494,7668.896,7684.229,7673.786,7698.494,7668.896,7684.229,7675.694,7700.426,7670.816,7686.014
2025-12-23T14:00:00.000000Z,134429,7684.59,7685.591,7607.56,7671.562,7684.59,7685.591,7607.56,7671.562,7686.185,7687.49,7609.701,7672.808
2025-12-23T18:00:00.000000Z,64280,7676.818,7705.616,7667.884,7676.493,7676.818,7705.616,7667.884,7676.493,7678.488,7707.331,7669.598,7678.291
2025-12-23T22:00:00.000000Z,58050,7684.478,7744.428,7683.914,7725.459,7684.478,7744.428,7683.914,7725.459,7686.512,7746.082,7685.879,7727.309
2025-12-24T02:00:00.000000Z,88558,7725.327,7725.891,7639.881,7678.654,7725.327,7725.891,7639.881,7678.654,7727.309,7727.404,7642.851,7681.12
2025-12-24T06:00:00.000000Z,83661,7678.785,7693.579,7659.824,7687.282,7678.785,7693.579,7659.824,7687.282,7681.12,7695.692,7661.33,7689.314
2025-12-24T10:00:00.000000Z,77574,7687.265,7698.783,7664.97,7688.425,7687.265,7698.783,7664.97,7688.425,7689.2,7701.024,7667.523,7689.985
2025-12-24T14:00:00.000000Z,145167,7688.493,7691.688,7621.475,7679.735,7688.493,7691.688,7621.475,7679.735,7690.002,7693.483,7623.406,7681.758
2025-12-24T18:00:00.000000Z,10629,7678.997,7682.592,7674.552,7676.014,7678.997,7682.592,7674.552,7676.014,7681.243,7685.233,7676.735,7680.231
2025-12-25T22:00:00.000000Z,63209,7707.504,7759.049,7684.573,7718.486,7707.504,7759.049,7684.573,7718.486,7712.504,7761.425,7689.573,7719.979
2025-12-26T02:00:00.000000Z,101580,7718.16,7738.918,7697.527,7728.058,7718.16,7738.918,7697.527,7728.058,7719.91,7741.252,7699.392,7730.018
2025-12-26T06:00:00.000000Z,82823,7728.191,7763.75,7727.254,7754.644,7728.191,7763.75,7727.254,7754.644,7730.086,7765.56,7729.15,7756.269
2025-12-26T10:00:00.000000Z,94790,7754.691,7769.226,7735.381,7757.86,7754.691,7769.226,7735.381,7757.86,7756.269,7771.251,7737.26,7760.29
2025-12-26T14:00:00.000000Z,140660,7757.894,7803.266,7734.131,7750.372,7757.894,7803.266,7734.131,7750.372,7760.272,7805.7,7736.678,7753.196
2025-12-26T18:00:00.000000Z,85364,7750.187,7780.628,7743.493,7774.577,7750.187,7780.628,7743.493,7774.577,7753.261,7784.329,7746.544,7779.577
2025-12-28T22:00:00.000000Z,83442,7792.641,7801.987,7668.788,7714.133,7792.641,7801.987,7668.788,7714.133,7797.641,7806.987,7672.75,7715.919
2025-12-29T02:00:00.000000Z,91566,7714.265,7760.375,7712.513,7743.087,7714.265,7760.375,7712.513,7743.087,7716.051,7761.721,7714.389,7745.086
2025-12-29T06:00:00.000000Z,115805,7742.967,7750.601,7639.432,7700.118,7742.967,7750.601,7639.432,7700.118,7744.983,7752.57,7641.997,7701.747
2025-12-29T10:00:00.000000Z,108567,7700.118,7707.925,7600.996,7624.966,7700.118,7707.925,7600.996,7624.966,7701.644,7709.169,7603.371,7627.382
2025-12-29T14:00:00.000000Z,152328,7624.0,7624.287,7422.193,7459.433,7624.0,7624.287,7422.193,7459.433,7626.226,7626.52,7425.743,7461.223
2025-12-29T18:00:00.000000Z,81623,7458.692,7481.92,7446.025,7463.066,7458.692,7481.92,7446.025,7463.066,7460.458,7483.616,7447.919,7467.168
2025-12-29T22:00:00.000000Z,58045,7478.054,7508.055,7447.041,7505.082,7478.054,7508.055,7447.041,7505.082,7482.171,7509.563,7449.227,7507.114
2025-12-30T02:00:00.000000Z,88270,7505.082,7529.093,7489.196,7525.422,7505.082,7529.093,7489.196,7525.422,7507.08,7531.245,7491.737,7527.169
2025-12-30T06:00:00.000000Z,108046,7525.405,7539.698,7486.099,7528.409,7525.405,7539.698,7486.099,7528.409,7527.066,7541.61,7488.284,7530.478
2025-12-30T10:00:00.000000Z,112183,7528.409,7593.305,7519.528,7568.524,7528.409,7593.305,7519.528,7568.524,7530.279,7595.682,7521.346,7570.614
2025-12-30T14:00:00.000000Z,146252,7568.628,7575.18,7506.572,7529.028,7568.628,7575.18,7506.572,7529.028,7570.718,7577.115,7508.184,7531.141
2025-12-30T18:00:00.000000Z,90514,7538.167,7542.606,7482.043,7489.156,7538.167,7542.606,7482.043,7489.156,7539.961,7544.469,7484.294,7491.761
2025-12-30T22:00:00.000000Z,66978,7495.481,7558.775,7475.15,7551.484,7495.481,7558.775,7475.15,7551.484,7499.831,7560.737,7476.995,7553.439
2025-12-31T02:00:00.000000Z,115601,7551.622,7564.147,7407.331,7423.401,7551.622,7564.147,7407.331,7423.401,7553.335,7565.834,7410.103,7425.548
2025-12-31T06:00:00.000000Z,92672,7423.626,7520.503,7405.258,7501.038,7423.626,7520.503,7405.258,7501.038,7425.471,7522.747,7407.79,7502.864
2025-12-31T10:00:00.000000Z,84946,7501.385,7538.506,7454.417,7533.325,7501.385,7538.506,7454.417,7533.325,7503.116,7540.341,7456.084,7535.029
2025-12-31T14:00:00.000000Z,133756,7533.229,7556.672,7503.821,7509.182,7533.229,7556.672,7503.821,7509.182,7535.064,7558.833,7505.224,7511.428
2025-12-31T18:00:00.000000Z,75806,7517.796,7524.914,7482.163,7505.918,7517.796,7524.914,7482.163,7505.918,7520.366,7527.161,7484.443,7510.918
2026-01-01T22:00:00.000000Z,39759,7516.349,7561.346,7516.227,7538.23,7516.349,7561.346,7516.227,7538.23,7520.101,7563.502,7519.979,7540.074
2026-01-02T02:00:00.000000Z,57999,7538.264,7608.99,7531.598,7605.401,7538.264,7608.99,7531.598,7605.401,7540.091,7610.898,7533.391,7607.538
2026-01-02T06:00:00.000000Z,81759,7605.384,7623.996,7588.151,7600.053,7605.384,7623.996,7588.151,7600.053,7607.538,7625.906,7590.096,7602.266
2026-01-02T10:00:00.000000Z,83587,7600.157,7630.105,7566.079,7571.835,7600.157,7630.105,7566.079,7571.835,7602.266,7631.479,7568.074,7573.421
2026-01-02T14:00:00.000000Z,145073,7572.043,7581.867,7479.396,7495.03,7572.043,7581.867,7479.396,7495.03,7573.577,7583.733,7480.952,7496.465
2026-01-02T18:00:00.000000Z,81215,7494.18,7510.81,7478.588,7506.103,7494.18,7510.81,7478.588,7506.103,7495.919,7514.645,7480.509,7511.103
2026-01-04T22:00:00.000000Z,77103,7557.02,7683.982,7541.916,7646.353,7557.02,7683.982,7541.916,7646.353,7561.074,7686.281,7544.863,7647.977
2026-01-05T02:00:00.000000Z,93748,7646.057,7678.644,7626.445,7667.377,7646.057,7678.644,7626.445,7667.377,7647.752,7680.341,7628.352,7668.742
2026-01-05T06:00:00.000000Z,84726,7667.064,7721.992,7664.568,7712.202,7667.064,7721.992,7664.568,7712.202,7668.69,7724.039,7666.153,7714.225
2026-01-05T10:00:00.000000Z,96848,7712.237,7712.458,7650.502,7672.264,7712.237,7712.458,7650.502,7672.264,7714.173,7714.26,7651.739,7673.751
2026-01-05T14:00:00.000000Z,139431,7672.403,7718.867,7658.565,7680.753,7672.403,7718.867,7658.565,7680.753,7673.756,7720.811,7660.374,7682.634
2026-01-05T18:00:00.000000Z,68028,7678.31,7687.481,7660.732,7684.195,7678.31,7687.481,7660.732,7684.195,7679.792,7688.774,7662.651,7686.883
2026-01-05T22:00:00.000000Z,54143,7695.123,7706.425,7649.793,7680.302,7695.123,7706.425,7649.793,7680.302,7697.951,7708.796,7651.516,7681.673
2026-01-06T02:00:00.000000Z,81254,7680.25,7707.997,7669.326,7676.278,7680.25,7707.997,7669.326,7676.278,7681.742,7710.046,7671.305,7678.373
2026-01-06T06:00:00.000000Z,85586,7676.364,7715.72,7671.38,7676.77,7676.364,7715.72,7671.38,7676.77,7678.476,7717.692,7673.672,7678.107
2026-01-06T10:00:00.000000Z,84932,7676.787,7722.716,7672.432,7715.629,7676.787,7722.716,7672.432,7715.629,7678.193,7724.424,7674.397,7717.457
2026-01-06T14:00:00.000000Z,139497,7715.755,7769.0,7709.279,7762.214,7715.755,7769.0,7709.279,7762.214,7717.526,7770.85,7710.951,7763.738
2026-01-06T18:00:00.000000Z,75383,7760.194,7774.972,7746.558,7768.653,7760.194,7774.972,7746.558,7768.653,7761.887,7776.963,7748.277,7771.432
2026-01-06T22:00:00.000000Z,59619,7774.531,7782.643,7707.842,7714.638,7774.531,7782.643,7707.842,7714.638,7776.314,7784.572,7710.272,7717.044
2026-01-07T02:00:00.000000Z,87447,7714.62,7740.296,7686.369,7704.349,7714.62,7740.296,7686.369,7704.349,7717.027,7742.437,7688.32,7706.087
2026-01-07T06:00:00.000000Z,80343,7704.447,7736.545,7679.494,7711.685,7704.447,7736.545,7679.494,7711.685,7706.052,7737.917,7681.663,7713.514
2026-01-07T10:00:00.000000Z,93046,7711.461,7716.624,7654.17,7687.652,7711.461,7716.624,7654.17,7687.652,7713.319,7717.745,7656.239,7688.88
2026-01-07T14:00:00.000000Z,136002,7687.41,7732.578,7654.464,7698.988,7687.41,7732.578,7654.464,7698.988,7688.828,7734.318,7656.062,7700.01
2026-01-07T18:00:00.000000Z,77974,7695.16,7723.364,7690.363,7718.529,7695.16,7723.364,7690.363,7718.529,7697.152,7724.943,7692.151,7721.181
2026-01-07T22:00:00.000000Z,52728,7728.145,7737.487,7698.03,7709.044,7728.145,7737.487,7698.03,7709.044,7730.558,7739.113,7700.192,7710.617
2026-01-08T02:00:00.000000Z,103938,7708.957,7713.775,7663.384,7679.332,7708.957,7713.775,7663.384,7679.332,7710.443,7715.79,7665.188,7681.026
2026-01-08T06:00:00.000000Z,99709,7679.199,7723.28,7664.998,7715.247,7679.199,7723.28,7664.998,7715.247,7681.026,7724.644,7666.906,7717.097
2026-01-08T10:00:00.000000Z,93324,7715.334,7716.358,7667.28,7698.329,7715.334,7716.358,7667.28,7698.329,7717.08,7718.303,7669.092,7700.788
2026-01-08T14:00:00.000000Z,136411,7698.463,7767.589,7691.033,7760.917,7698.463,7767.589,7691.033,7760.917,7700.788,7769.22,7693.004,7762.734
2026-01-08T18:00:00.000000Z,71977,7754.165,7791.978,7737.229,7783.593,7754.165,7791.978,7737.229,7783.593,7756.082,7794.131,7738.541,7786.721
2026-01-08T22:00:00.000000Z,50559,7779.419,7788.693,7750.951,7780.626,7779.419,7788.693,7750.951,7780.626,7782.506,7790.303,7753.174,7782.297
2026-01-09T02:00:00.000000Z,66627,7780.417,7793.629,7763.508,7781.696,7780.417,7793.629,7763.508,7781.696,7782.088,7795.561,7765.383,7783.903
2026-01-09T06:00:00.000000Z,64624,7782.435,7811.238,7778.613,7804.657,7782.435,7811.238,7778.613,7804.657,7784.809,7813.083,7780.955,7806.502
2026-01-09T10:00:00.000000Z,76708,7804.517,7830.589,7791.055,7814.512,7804.517,7830.589,7791.055,7814.512,7806.09,7833.32,7793.057,7816.146
2026-01-09T14:00:00.000000Z,145780,7814.564,7892.418,7806.335,7829.75,7814.564,7892.418,7806.335,7829.75,7816.547,7894.216,7808.868,7831.69
2026-01-09T18:00:00.000000Z,63028,7829.611,7869.944,7827.524,7864.97,7829.611,7869.944,7827.524,7864.97,7831.722,7874.673,7829.347,7869.97
2026-01-11T22:00:00.000000Z,81526,7887.934,8008.249,7887.718,7954.01,7887.934,8008.249,7887.718,7954.01,7892.934,8010.846,7892.718,7956.553
2026-01-12T02:00:00.000000Z,94423,7954.046,7977.223,7937.441,7966.899,7954.046,7977.223,7937.441,7966.899,7956.519,7978.914,7940.018,7969.023
2026-01-12T06:00:00.000000Z,87023,7966.917,7990.16,7949.045,7973.412,7966.917,7990.16,7949.045,7973.412,7969.214,7991.815,7951.065,7975.118
2026-01-12T10:00:00.000000Z,84536,7973.412,8011.704,7950.354,8004.16,7973.412,8011.704,7950.354,8004.16,7975.136,8013.461,7952.007,8005.864
2026-01-12T14:00:00.000000Z,136592,8004.333,8029.568,7962.743,8004.852,8004.333,8029.568,7962.743,8004.852,8005.986,8031.239,7964.986,8006.678
2026-01-12T18:00:00.000000Z,82059,8001.558,8007.661,7947.83,7963.772,8001.558,8007.661,7947.83,7963.772,8002.638,8009.47,7949.964,7966.911
2026-01-12T22:00:00.000000Z,55708,7963.269,7967.741,7917.125,7925.046,7963.269,7967.741,7917.125,7925.046,7967.639,7969.945,7919.393,7927.731
2026-01-13T02:00:00.000000Z,74670,7924.614,7961.947,7923.415,7947.966,7924.614,7961.947,7923.415,7947.966,7927.297,7964.443,7925.98,7950.045
2026-01-13T06:00:00.000000Z,72327,7948.052,7972.258,7921.848,7946.434,7948.052,7972.258,7921.848,7946.434,7950.132,7973.91,7924.051,7948.222
2026-01-13T10:00:00.000000Z,83294,7946.434,8015.507,7938.037,7997.777,7946.434,8015.507,7938.037,7997.777,7948.205,8017.681,7939.703,7999.76
2026-01-13T14:00:00.000000Z,138050,7997.951,8042.784,7989.947,7990.992,7997.951,8042.784,7989.947,7990.992,7999.933,8044.545,7992.336,7992.98
2026-01-13T18:00:00.000000Z,91502,7994.562,8015.152,7963.294,7991.406,7994.562,8015.152,7963.294,7991.406,7996.865,8016.618,7965.527,7995.783
2026-01-13T22:00:00.000000Z,47684,7997.386,8056.736,7996.184,8055.091,7997.386,8056.736,7996.184,8055.091,8000.681,8058.939,7999.496,8056.697
2026-01-14T02:00:00.000000Z,84771,8055.23,8076.76,8030.374,8043.619,8055.23,8076.76,8030.374,8043.619,8056.819,8078.995,8032.677,8046.13
2026-01-14T06:00:00.000000Z,86561,8043.619,8072.531,8041.496,8055.587,8043.619,8072.531,8041.496,8055.587,8046.008,8074.402,8043.797,8057.645
2026-01-14T10:00:00.000000Z,94246,8055.726,8081.467,8053.267,8072.094,8055.726,8081.467,8053.267,8072.094,8057.645,8083.684,8055.027,8073.823
2026-01-14T14:00:00.000000Z,150662,8071.936,8078.228,8001.617,8038.975,8071.936,8078.228,8001.617,8038.975,8073.787,8079.939,8004.439,8040.493
2026-01-14T18:00:00.000000Z,102013,8042.612,8082.202,8031.97,8046.882,8042.612,8082.202,8031.97,8046.882,8044.619,8083.368,8033.696,8050.032
2026-01-14T22:00:00.000000Z,70648,8041.214,8044.162,7986.685,8014.618,8041.214,8044.162,7986.685,8014.618,8046.214,8046.214,7988.708,8016.851
2026-01-15T02:00:00.000000Z,104011,8013.764,8043.984,7986.644,8012.415,8013.764,8043.984,7986.644,8012.415,8015.876,8046.201,7989.069,8014.894
2026-01-15T06:00:00.000000Z,88833,8012.729,8039.525,8004.19,8021.478,8012.729,8039.525,8004.19,8021.478,8015.086,8041.586,8006.004,8023.325
2026-01-15T10:00:00.000000Z,93660,8021.461,8041.26,7992.672,8006.299,8021.461,8041.26,7992.672,8006.299,8023.186,8042.904,7995.168,8008.134
2026-01-15T14:00:00.000000Z,136182,8006.456,8053.151,8001.675,8035.379,8006.456,8053.151,8001.675,8035.379,8008.36,8054.744,8003.492,8037.282
2026-01-15T18:00:00.000000Z,79092,8038.144,8045.179,8015.245,8036.285,8038.144,8045.179,8015.245,8036.285,8040.047,8047.048,8017.39,8039.776
2026-01-15T22:00:00.000000Z,48672,8041.561,8046.181,7995.734,8004.122,8041.561,8046.181,7995.734,8004.122,8044.371,8049.34,7998.4,8006.074
2026-01-16T02:00:00.000000Z,66914,8003.861,8019.477,7979.08,8012.648,8003.861,8019.477,7979.08,8012.648,8005.953,8022.54,7981.306,8015.138
2026-01-16T06:00:00.000000Z,60058,8012.666,8013.864,7982.345,7987.271,8012.666,8013.864,7982.345,7987.271,8015.069,8016.267,7984.396,7989.48
2026-01-16T10:00:00.000000Z,64879,7987.045,8006.127,7959.057,7993.605,7987.045,8006.127,7959.057,7993.605,7989.098,8008.268,7961.629,7995.555
2026-01-16T14:00:00.000000Z,139385,7993.571,8024.127,7888.418,7966.938,7993.571,8024.127,7888.418,7966.938,7995.659,8026.13,7890.784,7968.662
2026-01-16T18:00:00.000000Z,71589,7966.329,7993.495,7959.507,7987.42,7966.329,7993.495,7959.507,7987.42,7968.192,7995.776,7962.011,7992.42
2026-01-18T22:00:00.000000Z,77196,8087.31,8141.275,8068.621,8077.553,8087.31,8141.275,8068.621,8077.553,8092.31,8146.057,8071.249,8080.966
2026-01-19T02:00:00.000000Z,72940,8077.553,8099.141,8067.526,8086.78,8077.553,8099.141,8067.526,8086.78,8080.949,8101.248,8069.472,8088.865
2026-01-19T06:00:00.000000Z,66676,8086.884,8103.262,8071.398,8081.573,8086.884,8103.262,8071.398,8081.573,8088.986,8105.402,8073.069,8083.085
2026-01-19T10:00:00.000000Z,51716,8081.452,8082.452,8057.991,8064.938,8081.452,8082.452,8057.991,8064.938,8083.016,8084.52,8059.589,8066.833
2026-01-19T14:00:00.000000Z,59145,8064.885,8076.034,8051.25,8067.216,8064.885,8076.034,8051.25,8067.216,8066.919,8077.495,8053.193,8069.608
2026-01-19T18:00:00.000000Z,13421,8064.753,8073.453,8055.528,8060.827,8064.753,8073.453,8055.528,8060.827,8067.093,8075.62,8057.227,8062.959
2026-01-19T22:00:00.000000Z,43123,8052.54,8063.024,8036.232,8042.867,8052.54,8063.024,8036.232,8042.867,8055.365,8065.402,8038.0,8044.997
2026-01-20T02:00:00.000000Z,71070,8042.834,8087.089,8022.222,8082.809,8042.834,8087.089,8022.222,8082.809,8044.808,8089.454,8023.969,8085.072
2026-01-20T06:00:00.000000Z,88829,8082.98,8120.33,8071.725,8106.771,8082.98,8120.33,8071.725,8106.771,8084.884,8121.753,8073.969,8107.912
2026-01-20T10:00:00.000000Z,90598,8106.771,8122.189,8079.813,8120.479,8106.771,8122.189,8079.813,8120.479,8107.843,8123.992,8081.559,8122.451
2026-01-20T14:00:00.000000Z,140131,8120.376,8148.775,8078.893,8147.412,8120.376,8148.775,8078.893,8147.412,8122.226,8150.692,8080.48,8149.263
2026-01-20T18:00:00.000000Z,69330,8150.873,8170.029,8144.251,8164.01,8150.873,8170.029,8144.251,8164.01,8152.656,8171.404,8145.984,8167.778
2026-01-20T22:00:00.000000Z,56083,8167.816,8300.322,8162.37,8285.968,8167.816,8300.322,8162.37,8285.968,8172.74,8303.433,8163.876,8288.879
2026-01-21T02:00:00.000000Z,87936,8286.264,8354.727,8258.421,8341.699,8286.264,8354.727,8258.421,8341.699,8288.981,8357.035,8260.4,8344.126
2026-01-21T06:00:00.000000Z,90514,8341.681,8369.553,8259.463,8317.462,8341.681,8369.553,8259.463,8317.462,8344.109,8371.633,8262.053,8319.22
2026-01-21T10:00:00.000000Z,81179,8317.188,8334.69,8286.448,8322.364,8317.188,8334.69,8286.448,8322.364,8318.981,8336.545,8288.31,8324.01
2026-01-21T14:00:00.000000Z,174539,8322.347,8324.213,8220.729,8254.314,8322.347,8324.213,8220.729,8254.314,8323.907,8326.585,8222.812,8256.375
2026-01-21T18:00:00.000000Z,120815,8258.832,8302.014,8140.087,8264.61,8258.832,8302.014,8140.087,8264.61,8260.885,8304.021,8142.763,8268.524
2026-01-21T22:00:00.000000Z,58552,8243.628,8252.954,8163.059,8198.271,8243.628,8252.954,8163.059,8198.271,8248.628,8257.954,8165.649,8200.461
2026-01-22T02:00:00.000000Z,81727,8197.827,8230.621,8158.409,8228.516,8197.827,8230.621,8158.409,8228.516,8200.017,8233.228,8160.72,8231.409
2026-01-22T06:00:00.000000Z,74333,8228.639,8256.266,8205.908,8221.681,8228.639,8256.266,8205.908,8221.681,8231.409,8258.026,8208.211,8223.561
2026-01-22T10:00:00.000000Z,76140,8221.817,8233.023,8174.101,8189.903,8221.817,8233.023,8174.101,8189.903,8223.629,8234.661,8176.619,8191.848
2026-01-22T14:00:00.000000Z,118463,8189.807,8305.778,8186.046,8301.684,8189.807,8305.778,8186.046,8301.684,8191.474,8307.533,8187.665,8303.287
2026-01-22T18:00:00.000000Z,78393,8308.694,8350.097,8303.974,8326.428,8308.694,8350.097,8303.974,8326.428,8310.738,8353.591,8305.763,8330.891
2026-01-22T22:00:00.000000Z,52239,8370.42,8398.114,8338.483,8370.664,8370.42,8398.114,8338.483,8370.664,8373.146,8400.737,8341.964,8372.73
2026-01-23T02:00:00.000000Z,42963,8370.715,8403.456,8358.356,8392.1,8370.715,8403.456,8358.356,8392.1,8372.73,8404.95,8361.254,8393.851
2026-01-23T06:00:00.000000Z,85068,8391.958,8395.745,8298.108,8339.135,8391.958,8395.745,8298.108,8339.135,8393.8,8397.592,8299.779,8340.978
2026-01-23T10:00:00.000000Z,84538,8339.186,8369.441,8319.221,8366.846,8339.186,8369.441,8319.221,8366.846,8341.08,8370.888,8321.304,8368.48
2026-01-23T14:00:00.000000Z,129037,8366.829,8418.869,8349.943,8366.935,8366.829,8418.869,8349.943,8366.935,8368.378,8421.149,8352.196,8369.209
2026-01-23T18:00:00.000000Z,86634,8367.289,8406.922,8357.856,8380.777,8367.289,8406.922,8357.856,8380.777,8369.816,8408.947,8359.794,8385.777
2026-01-25T22:00:00.000000Z,86012,8399.541,8529.018,8383.162,8505.961,8399.541,8529.018,8383.162,8505.961,8404.541,8531.794,8388.162,8508.912
2026-01-26T02:00:00.000000Z,107868,8505.961,8531.048,8476.149,8511.874,8505.961,8531.048,8476.149,8511.874,8508.928,8533.368,8479.216,8514.272
2026-01-26T06:00:00.000000Z,104565,8512.017,8572.287,8502.225,8514.468,8512.017,8572.287,8502.225,8514.468,8514.272,8575.593,8504.661,8516.41
2026-01-26T10:00:00.000000Z,106781,8515.464,8540.718,8481.221,8497.163,8515.464,8540.718,8481.221,8497.163,8517.448,8542.124,8483.022,8498.771
2026-01-26T14:00:00.000000Z,155202,8497.163,8522.694,8460.741,8515.468,8497.163,8522.694,8460.741,8515.468,8498.788,8524.206,8462.894,8516.705
2026-01-26T18:00:00.000000Z,161400,8511.852,8512.32,8352.521,8383.358,8511.852,8512.32,8352.521,8383.358,8513.631,8513.999,8354.343,8386.191
2026-01-26T22:00:00.000000Z,73192,8431.607,8512.013,8407.917,8478.155,8431.607,8512.013,8407.917,8478.155,8435.223,8513.915,8409.343,8479.762
2026-01-27T02:00:00.000000Z,95951,8478.28,8524.857,8462.571,8517.71,8478.28,8524.857,8462.571,8517.71,8480.054,8526.013,8464.32,8519.494
2026-01-27T06:00:00.000000Z,95863,8517.726,8545.699,8503.598,8534.163,8517.726,8545.699,8503.598,8534.163,8519.494,8547.628,8505.482,8536.148
2026-01-27T10:00:00.000000Z,109743,8533.978,8543.258,8457.852,8474.473,8533.978,8543.258,8457.852,8474.473,8535.93,8544.551,8459.179,8475.851
2026-01-27T14:00:00.000000Z,177003,8474.473,8480.169,8404.302,8447.467,8474.473,8480.169,8404.302,8447.467,8475.734,8481.966,8406.913,8449.106
2026-01-27T18:00:00.000000Z,126559,8445.566,8586.947,8439.132,8568.996,8445.566,8586.947,8439.132,8568.996,8446.973,8588.9,8440.846,8572.673
2026-01-27T22:00:00.000000Z,85378,8582.319,8683.959,8550.108,8656.019,8582.319,8683.959,8550.108,8656.019,8586.29,8686.391,8553.38,8658.647
2026-01-28T02:00:00.000000Z,108298,8656.019,8744.016,8651.96,8729.551,8656.019,8744.016,8651.96,8729.551,8658.397,8745.647,8654.282,8731.504
2026-01-28T06:00:00.000000Z,117729,8729.46,8800.25,8713.842,8750.951,8729.46,8800.25,8713.842,8750.951,8731.396,8801.48,8715.725,8752.369
2026-01-28T10:00:00.000000Z,117115,8751.183,8771.206,8686.679,8735.542,8751.183,8771.206,8686.679,8735.542,8752.452,8772.73,8688.356,8737.254
2026-01-28T14:00:00.000000Z,175794,8735.542,8799.179,8697.761,8782.023,8735.542,8799.179,8697.761,8782.023,8737.287,8800.99,8701.304,8783.911
2026-01-28T18:00:00.000000Z,163866,8775.299,8939.959,8741.54,8938.017,8775.299,8939.959,8741.54,8938.017,8776.879,8943.206,8743.332,8941.705
2026-01-28T22:00:00.000000Z,119976,8991.019,9220.332,8968.843,9165.673,8991.019,9220.332,8968.843,9165.673,8996.019,9225.332,8971.862,9168.459
2026-01-29T02:00:00.000000Z,131697,9165.591,9166.695,9065.231,9136.699,9165.591,9166.695,9065.231,9136.699,9168.393,9169.233,9066.959,9138.627
2026-01-29T06:00:00.000000Z,132739,9136.699,9190.052,9018.371,9088.17,9136.699,9190.052,9018.371,9088.17,9138.512,9191.887,9020.085,9090.35
2026-01-29T10:00:00.000000Z,125330,9088.419,9136.671,9041.867,9067.504,9088.419,9136.671,9041.867,9067.504,9090.25,9138.046,9043.494,9069.367
2026-01-29T14:00:00.000000Z,228333,9067.816,9116.872,8457.712,8793.023,9067.816,9116.872,8457.712,8793.023,9069.894,9119.182,8462.712,8796.214
2026-01-29T18:00:00.000000Z,158734,8804.252,8926.21,8711.791,8832.49,8804.252,8926.21,8711.791,8832.49,8808.05,8928.643,8714.749,8837.49
2026-01-29T22:00:00.000000Z,103341,8916.44,8972.94,8744.213,8760.436,8916.44,8972.94,8744.213,8760.436,8920.855,8975.656,8748.916,8764.6
2026-01-30T02:00:00.000000Z,165148,8760.585,8788.582,8471.864,8571.139,8760.585,8788.582,8471.864,8571.139,8764.567,8791.336,8476.856,8575.812
2026-01-30T06:00:00.000000Z,178452,8571.172,8598.355,8182.619,8303.986,8571.172,8598.355,8182.619,8303.986,8575.795,8602.16,8187.262,8308.986
2026-01-30T10:00:00.000000Z,175765,8303.252,8472.514,8246.841,8289.674,8303.252,8472.514,8246.841,8289.674,8308.252,8475.134,8250.247,8293.017
2026-01-30T14:00:00.000000Z,237855,8289.811,8419.281,7956.484,8036.908,8289.811,8419.281,7956.484,8036.908,8293.154,8423.821,7961.139,8041.908
2026-01-30T18:00:00.000000Z,185888,8037.133,8200.177,7788.975,8127.092,8037.133,8200.177,7788.975,8127.092,8042.133,8203.768,7793.975,8137.092
